61 0.149281 0.257194 0.0899281 0.0899281 0.705887
39 0.746403 0.446043 0.0899281 0.0935252 0.784825
50 0.893885 0.266187 0.0899281 0.0935252 0.834008
67 0.109712 0.201439 0.0899281 0.0935252 0.862873
15 0.706835 0.850719 0.0899281 0.0899281 0.873016
121 0.634892 0.386691 0.0899281 0.0899281 0.882448
73 0.491007 0.660072 0.0899281 0.0899281 0.887289
84 0.715827 0.296763 0.0935252 0.0899281 0.890334
110 0.109712 0.307554 0.0899281 0.0899281 0.891045
71 0.564748 0.455036 0.0935252 0.0899281 0.924157
