103 0.22482 0.491007 0.0899281 0.0899281 0.727501
50 0.679856 0.847122 0.0935252 0.0899281 0.796697
67 0.645683 0.410072 0.0899281 0.0935252 0.847029
61 0.483813 0.508993 0.0899281 0.0899281 0.868188
73 0.129496 0.823741 0.0863309 0.0935252 0.871979
121 0.73741 0.219424 0.0935252 0.0935252 0.873734
84 0.570144 0.703237 0.0899281 0.0899281 0.881865
15 0.419065 0.543165 0.0899281 0.0935252 0.889283
110 0.147482 0.273381 0.0935252 0.0935252 0.905635
71 0.354317 0.577338 0.0899281 0.0899281 0.925516
