71 0.464029 0.507194 0.0863309 0.0863309 0.559064
131 0.374101 0.384892 0.0863309 0.0863309 0.617465
110 0.460432 0.510791 0.0863309 0.0863309 0.757439
67 0.334532 0.196043 0.0935252 0.0899281 0.819317
50 0.741007 0.196043 0.0863309 0.0899281 0.839816
61 0.251799 0.147482 0.0935252 0.0935252 0.870888
15 0.508993 0.602518 0.0899281 0.0899281 0.874856
84 0.44964 0.291367 0.0935252 0.0935252 0.880724
121 0.829137 0.122302 0.0899281 0.0935252 0.889982
73 0.455036 0.417266 0.0899281 0.0935252 0.893607
71 0.494604 0.47482 0.0899281 0.0863309 0.934995
