103 0.203237 0.607914 0.0899281 0.0863309 0.619169
110 0.210432 0.557554 0.0899281 0.0791367 0.792491
50 0.73741 0.613309 0.0935252 0.0899281 0.838092
67 0.485611 0.356115 0.0935252 0.0935252 0.849715
61 0.170863 0.22482 0.0899281 0.0899281 0.856872
73 0.302158 0.861511 0.0863309 0.0899281 0.857661
15 0.478417 0.766187 0.0935252 0.0935252 0.860287
84 0.890288 0.365108 0.0899281 0.0899281 0.880989
121 0.656475 0.478417 0.0899281 0.0935252 0.881201
71 0.347122 0.708633 0.0899281 0.0935252 0.910657
