131 0.278777 0.568345 0.0899281 0.0863309 0.554413
103 0.280576 0.568345 0.0935252 0.0863309 0.676194
67 0.58813 0.350719 0.0899281 0.0899281 0.775537
50 0.80036 0.80036 0.0899281 0.0755396 0.797994
73 0.735611 0.848921 0.0755396 0.0935252 0.881237
121 0.584532 0.43705 0.0899281 0.0899281 0.891542
61 0.185252 0.145683 0.0899281 0.0899281 0.894802
110 0.170863 0.210432 0.0899281 0.0755396 0.901856
84 0.803957 0.868705 0.0899281 0.0899281 0.913803
71 0.541367 0.476619 0.0899281 0.0899281 0.920996
