103 0.149281 0.760791 0.0899281 0.0827338 0.748717
50 0.730216 0.618705 0.0935252 0.0935252 0.838534
67 0.496403 0.361511 0.0935252 0.0899281 0.855104
110 0.152878 0.705036 0.0899281 0.0719424 0.864577
61 0.251799 0.390288 0.0935252 0.0899281 0.870979
121 0.658273 0.47482 0.0935252 0.0935252 0.872801
15 0.480216 0.764389 0.0899281 0.0899281 0.873118
73 0.145683 0.901079 0.0899281 0.0899281 0.877138
84 0.908273 0.205036 0.0899281 0.0935252 0.881805
71 0.402878 0.73741 0.0863309 0.0935252 0.911206
