50 0.543165 0.321942 0.0935252 0.0899281 0.819118
103 0.214029 0.654676 0.0899281 0.0863309 0.827214
67 0.652878 0.514389 0.0899281 0.0935252 0.83835
15 0.0809353 0.917266 0.0827338 0.0791367 0.843764
73 0.343525 0.595324 0.0899281 0.0899281 0.868484
61 0.188849 0.154676 0.104317 0.100719 0.876379
84 0.697842 0.258993 0.0935252 0.0935252 0.885785
110 0.582734 0.890288 0.0935252 0.0899281 0.894307
121 0.753597 0.721223 0.0899281 0.0899281 0.897545
71 0.0971223 0.785971 0.0935252 0.0899281 0.929644
