131 0.429856 0.868705 0.0899281 0.0899281 0.557807
103 0.433453 0.868705 0.0899281 0.0899281 0.622225
50 0.857914 0.708633 0.0899281 0.0935252 0.802041
67 0.546763 0.598921 0.0935252 0.0899281 0.82696
15 0.780576 0.81295 0.0935252 0.0863309 0.833739
61 0.780576 0.0845324 0.0935252 0.0899281 0.845725
121 0.580935 0.438849 0.0899281 0.0935252 0.87952
73 0.715827 0.741007 0.0863309 0.0863309 0.881151
84 0.71223 0.654676 0.0935252 0.0935252 0.884168
110 0.113309 0.291367 0.0899281 0.0935252 0.896928
71 0.517986 0.447842 0.0791367 0.0899281 0.91743
