103 0.47482 0.658273 0.0935252 0.0935252 0.806101
61 0.151079 0.244604 0.0935252 0.0935252 0.825128
50 0.832734 0.767986 0.0899281 0.0899281 0.82978
67 0.732014 0.442446 0.0899281 0.0935252 0.853883
73 0.708633 0.798561 0.0935252 0.0863309 0.871182
15 0.809353 0.834532 0.0935252 0.0863309 0.878305
84 0.742806 0.620504 0.0899281 0.0899281 0.888175
121 0.606115 0.406475 0.0899281 0.0935252 0.891613
71 0.447842 0.526978 0.0899281 0.0899281 0.921462
110 0.113309 0.296763 0.0899281 0.0899281 0.937617
