131 0.393885 0.392086 0.0827338 0.0863309 0.808388
67 0.361511 0.190647 0.0899281 0.0935252 0.816045
61 0.269784 0.156475 0.0863309 0.0899281 0.854463
15 0.516187 0.620504 0.0899281 0.0899281 0.864233
50 0.758993 0.172662 0.0935252 0.0863309 0.864347
121 0.868705 0.0899281 0.0899281 0.0935252 0.87991
73 0.451439 0.415468 0.0899281 0.0899281 0.881301
84 0.455036 0.298561 0.0899281 0.0935252 0.888682
71 0.508993 0.469424 0.0899281 0.0899281 0.917063
110 0.465827 0.526978 0.0899281 0.0827338 0.922433
