103 0.365108 0.883094 0.0899281 0.0899281 0.662236
50 0.861511 0.694245 0.0899281 0.0935252 0.741882
67 0.611511 0.602518 0.0863309 0.0899281 0.824199
61 0.872302 0.0791367 0.0899281 0.0791367 0.853399
73 0.760791 0.69964 0.0899281 0.0899281 0.864624
121 0.577338 0.471223 0.0899281 0.0935252 0.878789
84 0.735611 0.606115 0.0899281 0.0899281 0.882399
15 0.807554 0.77518 0.0899281 0.0899281 0.888146
110 0.109712 0.321942 0.0899281 0.0899281 0.9035
71 0.505396 0.456835 0.0827338 0.0935252 0.914294
