103 0.253597 0.895683 0.0899281 0.0863309 0.51203
131 0.253597 0.895683 0.0899281 0.0863309 0.516716
50 0.821942 0.622302 0.0899281 0.0935252 0.825282
121 0.584532 0.464029 0.0899281 0.0935252 0.860988
61 0.113309 0.196043 0.0971223 0.0899281 0.866924
73 0.706835 0.73741 0.0899281 0.0935252 0.870167
15 0.821942 0.773381 0.0899281 0.0935252 0.8716
84 0.658273 0.580935 0.0935252 0.0899281 0.884665
110 0.0935252 0.438849 0.0863309 0.0863309 0.899516
71 0.508993 0.46223 0.0827338 0.0899281 0.921481
