103 0.465827 0.627698 0.0899281 0.0899281 0.605875
50 0.829137 0.778777 0.0899281 0.0899281 0.656574
61 0.131295 0.235612 0.0899281 0.0899281 0.663405
67 0.728417 0.438849 0.0899281 0.0863309 0.849474
73 0.670863 0.758993 0.0899281 0.0935252 0.85866
121 0.672662 0.338129 0.0935252 0.0935252 0.859345
15 0.789568 0.83813 0.0899281 0.0935252 0.860503
84 0.766187 0.517986 0.0935252 0.0935252 0.883765
110 0.116906 0.296763 0.0899281 0.0827338 0.900567
71 0.426259 0.57554 0.0899281 0.0863309 0.923155
