131 0.807554 0.866906 0.0899281 0.0863309 0.623601
67 0.21223 0.458633 0.0863309 0.0899281 0.742906
50 0.516187 0.410072 0.0899281 0.0935252 0.825483
15 0.516187 0.615108 0.0899281 0.0935252 0.828231
121 0.802158 0.552158 0.0935252 0.0899281 0.866726
61 0.82554 0.627698 0.0899281 0.0827338 0.871012
67 0.255396 0.501799 0.0863309 0.0899281 0.871768
73 0.618705 0.735611 0.0935252 0.0899281 0.877092
84 0.850719 0.102518 0.0899281 0.0899281 0.891931
71 0.210432 0.458633 0.0899281 0.0899281 0.927788
