103 0.266187 0.476619 0.0935252 0.0899281 0.517345
15 0.375899 0.624101 0.0899281 0.0899281 0.849623
50 0.55036 0.553957 0.0935252 0.0935252 0.851292
73 0.329137 0.535971 0.0899281 0.0935252 0.866551
121 0.778777 0.417266 0.0899281 0.0935252 0.867136
67 0.771583 0.726619 0.0899281 0.0935252 0.868614
61 0.829137 0.377698 0.0899281 0.0863309 0.871757
84 0.690647 0.642086 0.0935252 0.0899281 0.897121
110 0.714029 0.809353 0.0899281 0.0863309 0.909177
71 0.104317 0.392086 0.0935252 0.0935252 0.916445
