50 0.829137 0.643885 0.0899281 0.0935252 0.77229
103 0.235612 0.406475 0.0899281 0.0863309 0.782945
67 0.521583 0.363309 0.0935252 0.0935252 0.836848
15 0.649281 0.861511 0.0899281 0.0899281 0.865215
73 0.526978 0.852518 0.0899281 0.0935252 0.867206
121 0.651079 0.577338 0.0935252 0.0899281 0.880163
84 0.872302 0.586331 0.0899281 0.0935252 0.886625
61 0.221223 0.269784 0.0899281 0.0935252 0.891016
110 0.257194 0.47482 0.0899281 0.0863309 0.91789
71 0.404676 0.528777 0.0899281 0.0935252 0.919758
