103 0.379496 0.728417 0.0899281 0.0899281 0.594942
50 0.785971 0.77518 0.0899281 0.0899281 0.744163
67 0.634892 0.133094 0.0899281 0.0935252 0.839525
61 0.242806 0.147482 0.0899281 0.0935252 0.854352
15 0.44964 0.901079 0.0935252 0.0899281 0.859447
110 0.183453 0.156475 0.0791367 0.0899281 0.864365
121 0.607914 0.429856 0.0935252 0.0899281 0.867036
73 0.67446 0.879496 0.0899281 0.0899281 0.871346
84 0.758993 0.823741 0.0935252 0.0935252 0.917956
71 0.521583 0.469424 0.0863309 0.0899281 0.918308
