103 0.476619 0.679856 0.0899281 0.0863309 0.543043
67 0.73741 0.442446 0.0935252 0.0935252 0.657129
131 0.476619 0.679856 0.0899281 0.0863309 0.661227
61 0.154676 0.248201 0.0935252 0.0935252 0.756224
50 0.827338 0.764389 0.0935252 0.0899281 0.792825
73 0.721223 0.818345 0.0899281 0.0899281 0.868676
15 0.811151 0.834532 0.0899281 0.0863309 0.873322
84 0.744604 0.647482 0.0935252 0.0935252 0.883638
121 0.586331 0.420863 0.0935252 0.0935252 0.884375
71 0.440647 0.534173 0.0899281 0.0899281 0.915882
110 0.115108 0.293165 0.0935252 0.0899281 0.9218
