103 0.178058 0.392086 0.0899281 0.0863309 0.526867
50 0.595324 0.872302 0.0899281 0.0899281 0.794681
15 0.455036 0.516187 0.0899281 0.0899281 0.830513
67 0.714029 0.422662 0.0899281 0.0899281 0.849203
61 0.516187 0.494604 0.0899281 0.0899281 0.854881
73 0.226619 0.732014 0.0935252 0.0899281 0.857963
121 0.652878 0.334532 0.0899281 0.0935252 0.887133
84 0.570144 0.656475 0.0899281 0.0899281 0.88988
110 0.178058 0.17446 0.0899281 0.0899281 0.916206
71 0.120504 0.91187 0.0899281 0.0899281 0.927724
