103 0.214029 0.530576 0.0899281 0.0899281 0.590573
131 0.21223 0.530576 0.0863309 0.0899281 0.682848
67 0.507194 0.356115 0.0935252 0.0935252 0.828988
50 0.73741 0.613309 0.0935252 0.0899281 0.839517
61 0.115108 0.208633 0.0935252 0.0863309 0.853946
73 0.383094 0.850719 0.0899281 0.0899281 0.877705
15 0.528777 0.809353 0.0935252 0.0935252 0.885842
84 0.879496 0.447842 0.0899281 0.0899281 0.888288
121 0.656475 0.478417 0.0899281 0.0935252 0.89698
71 0.339928 0.627698 0.0899281 0.0899281 0.920452
110 0.233813 0.483813 0.0935252 0.0899281 0.926281
