103 0.451439 0.555755 0.0899281 0.0899281 0.572325
67 0.69964 0.327338 0.0899281 0.0935252 0.817957
50 0.830935 0.764389 0.0935252 0.0899281 0.839891
61 0.161871 0.214029 0.0935252 0.0899281 0.863958
15 0.692446 0.861511 0.0899281 0.0899281 0.866745
84 0.793165 0.321942 0.0899281 0.0899281 0.870144
73 0.56295 0.658273 0.0899281 0.0935252 0.882305
121 0.791367 0.221223 0.0935252 0.0899281 0.903251
110 0.118705 0.293165 0.0935252 0.0899281 0.914064
71 0.341727 0.681655 0.0935252 0.0899281 0.918089
