67 0.433453 0.170863 0.0899281 0.0899281 0.846503
121 0.455036 0.521583 0.0899281 0.0935252 0.875787
90 0.705036 0.307554 0.0935252 0.0899281 0.878968
7 0.821942 0.77518 0.0899281 0.0899281 0.885869
84 0.902878 0.255396 0.0935252 0.0935252 0.891101
141 0.145683 0.242806 0.0899281 0.0899281 0.900453
34 0.176259 0.136691 0.0935252 0.0935252 0.910144
106 0.915468 0.145683 0.0827338 0.0899281 0.915816
3 0.0989209 0.888489 0.0899281 0.0935252 0.918793
37 0.773381 0.73741 0.0863309 0.0935252 0.919767
