35 0.181655 0.206835 0.0899281 0.0899281 0.820394
141 0.124101 0.26259 0.0899281 0.0935252 0.858539
67 0.523381 0.341727 0.0899281 0.0935252 0.859783
84 0.868705 0.571942 0.0899281 0.0935252 0.868863
106 0.886691 0.638489 0.0899281 0.0827338 0.879454
121 0.478417 0.521583 0.0935252 0.0935252 0.883925
7 0.805755 0.841727 0.0935252 0.0935252 0.892225
90 0.411871 0.372302 0.0899281 0.0899281 0.898068
37 0.514389 0.636691 0.0935252 0.0935252 0.906317
3 0.226619 0.392086 0.0935252 0.0935252 0.914962
