67 0.841727 0.235612 0.0863309 0.0899281 0.858291
121 0.167266 0.206835 0.0899281 0.0899281 0.864806
106 0.915468 0.0791367 0.0827338 0.0791367 0.884763
84 0.642086 0.645683 0.0899281 0.0899281 0.887094
90 0.397482 0.133094 0.0899281 0.0935252 0.887521
37 0.0773381 0.922662 0.0683453 0.0755396 0.889666
7 0.365108 0.620504 0.0899281 0.0899281 0.899487
141 0.564748 0.807554 0.0935252 0.0899281 0.900429
34 0.879496 0.68705 0.0899281 0.0935252 0.906424
3 0.269784 0.697842 0.0935252 0.0935252 0.92413
