67 0.392086 0.165468 0.0935252 0.0935252 0.84777
121 0.357914 0.669065 0.0899281 0.0935252 0.870045
84 0.642086 0.555755 0.0899281 0.0899281 0.881125
90 0.703237 0.854317 0.0899281 0.0899281 0.885387
7 0.318345 0.888489 0.0899281 0.0935252 0.892826
141 0.122302 0.289568 0.0935252 0.0899281 0.900776
34 0.258993 0.309353 0.0935252 0.0863309 0.906765
37 0.241007 0.438849 0.0935252 0.0935252 0.907255
106 0.480216 0.519784 0.0899281 0.0899281 0.912991
3 0.440647 0.580935 0.0899281 0.0899281 0.923677
