67 0.476619 0.273381 0.0899281 0.0935252 0.832358
121 0.354317 0.672662 0.0899281 0.0935252 0.853917
84 0.627698 0.375899 0.0899281 0.0899281 0.873001
7 0.861511 0.613309 0.0899281 0.0899281 0.882349
90 0.897482 0.44964 0.0899281 0.0935252 0.883709
34 0.703237 0.176259 0.0971223 0.0935252 0.899888
37 0.622302 0.681655 0.0935252 0.0899281 0.907499
141 0.138489 0.456835 0.0899281 0.0935252 0.908177
106 0.757194 0.269784 0.0899281 0.0935252 0.911166
3 0.402878 0.593525 0.0935252 0.0935252 0.929274
