67 0.519784 0.255396 0.0899281 0.0935252 0.847912
121 0.321942 0.703237 0.0899281 0.0899281 0.873598
84 0.665468 0.348921 0.0935252 0.0935252 0.885184
90 0.904676 0.422662 0.0899281 0.0899281 0.897589
37 0.636691 0.678058 0.0935252 0.0899281 0.903998
7 0.865108 0.570144 0.0899281 0.0899281 0.905338
141 0.17446 0.480216 0.0899281 0.0899281 0.907051
106 0.789568 0.242806 0.0899281 0.0899281 0.909904
34 0.751799 0.152878 0.0935252 0.0899281 0.914214
3 0.363309 0.631295 0.0935252 0.0899281 0.916144
