67 0.429856 0.170863 0.0899281 0.0899281 0.844076
121 0.451439 0.52518 0.0899281 0.0935252 0.881633
84 0.901079 0.282374 0.0899281 0.0899281 0.886703
34 0.156475 0.149281 0.0899281 0.0899281 0.889987
141 0.131295 0.239209 0.0899281 0.0899281 0.895304
90 0.688849 0.320144 0.0899281 0.0935252 0.896325
7 0.836331 0.758993 0.0899281 0.0935252 0.906954
37 0.767986 0.717626 0.0899281 0.0899281 0.913555
3 0.107914 0.843525 0.0863309 0.0899281 0.916967
106 0.915468 0.178058 0.0899281 0.0899281 0.917036
