106 0.915468 0.0791367 0.0827338 0.0719424 0.687339
84 0.913669 0.0773381 0.0863309 0.0683453 0.791955
67 0.820144 0.134892 0.0863309 0.0899281 0.836257
121 0.107914 0.901079 0.0863309 0.0899281 0.84438
37 0.723022 0.611511 0.0935252 0.0863309 0.847832
84 0.901079 0.134892 0.0899281 0.0899281 0.889205
90 0.859712 0.244604 0.0935252 0.0935252 0.891506
7 0.857914 0.491007 0.0899281 0.0899281 0.895286
141 0.408273 0.393885 0.0899281 0.0899281 0.901755
3 0.152878 0.872302 0.0899281 0.0899281 0.918038
