106 0.564748 0.352518 0.0935252 0.0935252 0.533768
84 0.564748 0.352518 0.0935252 0.0935252 0.714586
37 0.343525 0.76259 0.0827338 0.0863309 0.800251
67 0.717626 0.438849 0.0899281 0.0935252 0.84666
121 0.383094 0.739209 0.0899281 0.0899281 0.883123
90 0.920863 0.0755396 0.0719424 0.0719424 0.886307
7 0.235612 0.517986 0.0899281 0.0935252 0.89485
141 0.602518 0.557554 0.0899281 0.0935252 0.903717
106 0.609712 0.381295 0.0899281 0.0863309 0.908555
34 0.631295 0.131295 0.0899281 0.0899281 0.908733
3 0.350719 0.431655 0.0899281 0.0935252 0.923805
