93 0.0773381 0.915468 0.0683453 0.0755396 0.690863
67 0.235612 0.305755 0.0899281 0.0935252 0.828406
84 0.850719 0.741007 0.0899281 0.0935252 0.878163
3 0.169065 0.865108 0.0935252 0.0899281 0.892908
7 0.230216 0.902878 0.0863309 0.0935252 0.893707
37 0.246403 0.528777 0.0899281 0.0935252 0.896195
90 0.577338 0.42446 0.0899281 0.0935252 0.903619
141 0.109712 0.293165 0.0899281 0.0899281 0.906307
106 0.886691 0.411871 0.0899281 0.0899281 0.911346
34 0.138489 0.241007 0.0899281 0.0935252 0.919626
