7 0.467626 0.440647 0.0791367 0.0827338 0.525744
108 0.469424 0.440647 0.0755396 0.0827338 0.594765
67 0.589928 0.410072 0.0791367 0.0935252 0.595881
28 0.589928 0.410072 0.0791367 0.0935252 0.636401
121 0.589928 0.816547 0.0935252 0.0935252 0.863166
90 0.557554 0.327338 0.0935252 0.0935252 0.896796
37 0.429856 0.343525 0.0899281 0.0899281 0.901661
141 0.120504 0.291367 0.0899281 0.0935252 0.904596
34 0.807554 0.80036 0.0899281 0.0899281 0.908723
84 0.521583 0.420863 0.0935252 0.0863309 0.916447
3 0.354317 0.383094 0.0899281 0.0899281 0.924014
