90 0.419065 0.56295 0.0899281 0.0899281 0.528403
35 0.136691 0.228417 0.0935252 0.0899281 0.716628
121 0.415468 0.564748 0.0899281 0.0935252 0.82275
141 0.109712 0.307554 0.0899281 0.0899281 0.834502
67 0.282374 0.343525 0.0899281 0.0899281 0.857479
84 0.539568 0.564748 0.0935252 0.0935252 0.888177
7 0.318345 0.902878 0.0899281 0.0935252 0.890593
90 0.471223 0.523381 0.0935252 0.0899281 0.896517
3 0.196043 0.348921 0.0899281 0.0935252 0.91195
106 0.883094 0.72482 0.0899281 0.0899281 0.913488
37 0.354317 0.577338 0.0827338 0.0899281 0.916727
