67 0.652878 0.219424 0.0899281 0.0935252 0.855183
121 0.411871 0.516187 0.0899281 0.0899281 0.869012
84 0.897482 0.338129 0.0899281 0.0935252 0.876621
90 0.438849 0.453237 0.0935252 0.0935252 0.892893
7 0.82554 0.798561 0.0899281 0.0935252 0.897609
37 0.494604 0.757194 0.0899281 0.0899281 0.900161
141 0.152878 0.267986 0.0899281 0.0899281 0.900899
34 0.196043 0.205036 0.0899281 0.0935252 0.905584
106 0.893885 0.428058 0.0899281 0.0935252 0.914712
3 0.210432 0.593525 0.0899281 0.0935252 0.924384
