67 0.721223 0.715827 0.0899281 0.0935252 0.858165
84 0.782374 0.26259 0.0899281 0.0935252 0.881425
7 0.465827 0.539568 0.0899281 0.0935252 0.883616
121 0.303957 0.766187 0.0899281 0.0935252 0.889377
90 0.555755 0.323741 0.0899281 0.0863309 0.894083
37 0.458633 0.667266 0.0899281 0.0899281 0.902367
141 0.642086 0.868705 0.0899281 0.0899281 0.904484
34 0.767986 0.832734 0.0899281 0.0899281 0.909904
106 0.600719 0.480216 0.0863309 0.0899281 0.911795
3 0.541367 0.609712 0.0899281 0.0899281 0.921822
