84 0.920863 0.143885 0.0863309 0.0863309 0.56819
106 0.920863 0.140288 0.0791367 0.0719424 0.807833
67 0.760791 0.55036 0.0899281 0.0935252 0.846855
121 0.832734 0.80036 0.0899281 0.0899281 0.868727
84 0.906475 0.194245 0.0863309 0.0863309 0.874005
90 0.620504 0.384892 0.0899281 0.0935252 0.885909
37 0.348921 0.314748 0.0935252 0.0899281 0.895099
34 0.856115 0.0809353 0.0863309 0.0827338 0.897818
141 0.28777 0.142086 0.0935252 0.0899281 0.904421
3 0.170863 0.861511 0.0899281 0.0899281 0.905765
7 0.451439 0.55036 0.0899281 0.0935252 0.908683
