106 0.922662 0.113309 0.0755396 0.0755396 0.641663
34 0.899281 0.0755396 0.0863309 0.0719424 0.801894
67 0.784173 0.543165 0.0935252 0.0935252 0.833562
121 0.827338 0.803957 0.0935252 0.0899281 0.879306
84 0.908273 0.181655 0.0899281 0.0899281 0.882514
90 0.634892 0.370504 0.0899281 0.0935252 0.884485
141 0.296763 0.124101 0.0899281 0.0899281 0.893432
7 0.444245 0.56295 0.0899281 0.0899281 0.893803
37 0.357914 0.307554 0.0899281 0.0899281 0.896231
3 0.149281 0.875899 0.0899281 0.0899281 0.915114
