67 0.266187 0.404676 0.0863309 0.0899281 0.834252
34 0.915468 0.0827338 0.0827338 0.0791367 0.843703
121 0.109712 0.78777 0.0899281 0.0935252 0.885604
84 0.519784 0.334532 0.0899281 0.0935252 0.886308
141 0.267986 0.798561 0.0827338 0.0863309 0.886967
7 0.257194 0.703237 0.0899281 0.0899281 0.893087
37 0.366906 0.636691 0.0863309 0.0863309 0.902658
106 0.778777 0.172662 0.0899281 0.0935252 0.910365
90 0.233813 0.482014 0.0935252 0.0863309 0.912651
3 0.43705 0.663669 0.0899281 0.0899281 0.924419
