67 0.478417 0.266187 0.0935252 0.0935252 0.839281
121 0.386691 0.638489 0.0899281 0.0899281 0.842777
84 0.589928 0.402878 0.0935252 0.0935252 0.875392
90 0.901079 0.485611 0.0899281 0.0935252 0.889454
7 0.857914 0.656475 0.0899281 0.0899281 0.898874
141 0.115108 0.420863 0.0935252 0.0935252 0.904052
37 0.620504 0.688849 0.0899281 0.0899281 0.905386
34 0.665468 0.205036 0.0935252 0.0935252 0.907382
106 0.721223 0.298561 0.0899281 0.0935252 0.90791
3 0.428058 0.544964 0.0935252 0.0899281 0.924154
