67 0.582734 0.241007 0.0863309 0.0935252 0.840074
84 0.593525 0.361511 0.0935252 0.0899281 0.883553
7 0.298561 0.732014 0.0935252 0.0755396 0.887185
121 0.656475 0.658273 0.0971223 0.0935252 0.893759
90 0.570144 0.0899281 0.0899281 0.0935252 0.899609
37 0.388489 0.178058 0.0935252 0.0899281 0.902139
141 0.149281 0.78777 0.0899281 0.0935252 0.904531
3 0.307554 0.667266 0.0899281 0.0899281 0.906036
34 0.854317 0.293165 0.0899281 0.0899281 0.910521
106 0.647482 0.311151 0.0863309 0.0899281 0.912135
