67 0.809353 0.546763 0.0935252 0.0935252 0.816039
84 0.809353 0.22482 0.0935252 0.0899281 0.870966
7 0.383094 0.561151 0.0899281 0.0935252 0.890101
90 0.796763 0.282374 0.0899281 0.0755396 0.893629
141 0.717626 0.638489 0.0899281 0.0899281 0.894314
121 0.609712 0.715827 0.0899281 0.0935252 0.895234
34 0.426259 0.170863 0.0899281 0.0899281 0.897691
37 0.552158 0.733813 0.0827338 0.0863309 0.899316
106 0.920863 0.0791367 0.0719424 0.0719424 0.899388
3 0.296763 0.814748 0.0899281 0.0899281 0.924075
