67 0.829137 0.260791 0.0899281 0.0899281 0.846707
121 0.160072 0.230216 0.0899281 0.0935252 0.871664
90 0.375899 0.134892 0.0899281 0.0899281 0.886781
84 0.649281 0.665468 0.0899281 0.0935252 0.887933
37 0.0881295 0.913669 0.0899281 0.0863309 0.89272
7 0.370504 0.609712 0.0935252 0.0899281 0.899005
141 0.570144 0.807554 0.0899281 0.0899281 0.900297
34 0.883094 0.685252 0.0899281 0.0899281 0.90047
106 0.897482 0.102518 0.0899281 0.0899281 0.911754
3 0.291367 0.679856 0.0935252 0.0935252 0.919911
