67 0.730216 0.327338 0.0863309 0.0935252 0.798461
35 0.866906 0.541367 0.0935252 0.0899281 0.861209
141 0.305755 0.109712 0.0935252 0.0899281 0.876969
84 0.625899 0.519784 0.0935252 0.0899281 0.879218
121 0.566547 0.802158 0.0899281 0.0935252 0.892685
37 0.134892 0.793165 0.0899281 0.0899281 0.893305
7 0.514389 0.634892 0.0935252 0.0899281 0.898546
106 0.836331 0.118705 0.0899281 0.0935252 0.909832
3 0.334532 0.566547 0.0935252 0.0899281 0.919763
90 0.663669 0.311151 0.0899281 0.0899281 0.920533
