67 0.43705 0.17446 0.0899281 0.0899281 0.841398
121 0.458633 0.521583 0.0899281 0.0935252 0.880595
37 0.784173 0.773381 0.0863309 0.0791367 0.880951
90 0.735611 0.276978 0.0899281 0.0935252 0.884084
106 0.919065 0.0827338 0.0755396 0.0791367 0.893039
84 0.910072 0.192446 0.0935252 0.0899281 0.893215
34 0.217626 0.145683 0.0899281 0.0899281 0.900675
7 0.807554 0.814748 0.0899281 0.0899281 0.901996
141 0.188849 0.233813 0.0899281 0.0935252 0.914105
3 0.0989209 0.888489 0.0899281 0.0935252 0.918835
