90 0.548561 0.323741 0.0899281 0.0719424 0.768303
121 0.471223 0.629496 0.0863309 0.0935252 0.826565
67 0.856115 0.179856 0.0935252 0.0935252 0.840884
34 0.866906 0.570144 0.0935252 0.0899281 0.898808
7 0.469424 0.539568 0.0899281 0.0863309 0.899034
84 0.528777 0.377698 0.0935252 0.0935252 0.901946
141 0.289568 0.188849 0.0899281 0.0899281 0.903418
106 0.627698 0.368705 0.0899281 0.0899281 0.912439
37 0.530576 0.616906 0.0755396 0.0899281 0.913416
3 0.476619 0.455036 0.0899281 0.0899281 0.918348
