84 0.552158 0.323741 0.0899281 0.0863309 0.53607
90 0.552158 0.32554 0.0899281 0.0827338 0.79741
35 0.892086 0.530576 0.0935252 0.0899281 0.801478
67 0.739209 0.284173 0.0899281 0.0935252 0.84141
121 0.543165 0.649281 0.0935252 0.0899281 0.87868
37 0.584532 0.559353 0.0899281 0.0755396 0.896699
7 0.523381 0.489209 0.0827338 0.0935252 0.9012
84 0.528777 0.377698 0.0935252 0.0935252 0.904817
141 0.307554 0.116906 0.0899281 0.0899281 0.904998
106 0.616906 0.357914 0.0827338 0.0899281 0.916211
3 0.602518 0.491007 0.0899281 0.0899281 0.924046
