121 0.0791367 0.917266 0.0719424 0.0863309 0.821014
67 0.478417 0.194245 0.0935252 0.0935252 0.856785
84 0.526978 0.320144 0.0899281 0.0935252 0.865823
90 0.577338 0.140288 0.0899281 0.0935252 0.881624
7 0.350719 0.645683 0.0899281 0.0827338 0.887345
141 0.210432 0.681655 0.0899281 0.0899281 0.903397
37 0.151079 0.883094 0.0863309 0.0899281 0.904585
34 0.872302 0.406475 0.0899281 0.0935252 0.906994
106 0.607914 0.336331 0.0863309 0.0899281 0.911929
3 0.334532 0.571942 0.0935252 0.0935252 0.925409
