3 0.485611 0.53777 0.0935252 0.0971223 0.507497
35 0.170863 0.232014 0.0899281 0.0899281 0.837864
67 0.401079 0.183453 0.0899281 0.0935252 0.849993
121 0.271583 0.780576 0.0899281 0.0935252 0.878389
90 0.717626 0.753597 0.0899281 0.0899281 0.882959
7 0.18705 0.893885 0.0863309 0.0899281 0.884937
84 0.577338 0.600719 0.0899281 0.0935252 0.891113
141 0.124101 0.31295 0.0899281 0.0935252 0.896066
37 0.235612 0.473022 0.0899281 0.0899281 0.909476
106 0.483813 0.53777 0.0899281 0.0899281 0.918204
3 0.420863 0.573741 0.0935252 0.0899281 0.923978
