120 0.742806 0.350719 0.0755396 0.0899281 0.624064
106 0.685252 0.354317 0.0899281 0.0899281 0.869315
121 0.0809353 0.902878 0.0755396 0.0935252 0.873819
34 0.17446 0.205036 0.0899281 0.0935252 0.886574
7 0.226619 0.803957 0.0863309 0.0899281 0.889444
141 0.735611 0.548561 0.0899281 0.0899281 0.897444
90 0.854317 0.397482 0.0899281 0.0899281 0.898567
84 0.672662 0.446043 0.0935252 0.0935252 0.903822
37 0.571942 0.622302 0.0935252 0.0863309 0.914339
3 0.624101 0.56295 0.0899281 0.0899281 0.925992
