67 0.665468 0.21223 0.0935252 0.0935252 0.853837
34 0.917266 0.0809353 0.0791367 0.0827338 0.879154
84 0.780576 0.253597 0.0935252 0.0899281 0.881371
90 0.883094 0.377698 0.0899281 0.0935252 0.884824
121 0.21223 0.821942 0.0935252 0.0899281 0.885366
7 0.868705 0.476619 0.0899281 0.0899281 0.904641
141 0.267986 0.393885 0.0899281 0.0899281 0.904989
37 0.645683 0.688849 0.0899281 0.0899281 0.905789
106 0.881295 0.145683 0.0935252 0.0899281 0.908127
3 0.260791 0.753597 0.0899281 0.0899281 0.921637
