67 0.721223 0.417266 0.0899281 0.0935252 0.826658
35 0.811151 0.501799 0.0899281 0.0899281 0.835737
84 0.618705 0.514389 0.115108 0.107914 0.865179
90 0.654676 0.269784 0.0935252 0.0935252 0.884189
121 0.570144 0.802158 0.0899281 0.0935252 0.886674
7 0.501799 0.577338 0.0899281 0.0899281 0.894577
141 0.338129 0.125899 0.0935252 0.0935252 0.902895
37 0.176259 0.708633 0.0935252 0.0935252 0.913834
106 0.897482 0.0845324 0.0899281 0.0899281 0.913894
3 0.336331 0.485611 0.0899281 0.0935252 0.923385
