72 0.158273 0.919065 0.0791367 0.0755396 0.540132
28 0.843525 0.241007 0.0827338 0.0935252 0.542923
121 0.158273 0.917266 0.0791367 0.0791367 0.681985
67 0.845324 0.242806 0.0863309 0.0899281 0.80932
84 0.66187 0.426259 0.0935252 0.0899281 0.881491
141 0.257194 0.908273 0.0899281 0.0899281 0.893436
7 0.440647 0.561151 0.0899281 0.0935252 0.895071
90 0.746403 0.134892 0.0899281 0.0899281 0.896098
37 0.320144 0.656475 0.0935252 0.0899281 0.902016
34 0.901079 0.580935 0.0899281 0.0899281 0.905659
106 0.764389 0.246403 0.0899281 0.0899281 0.917953
3 0.577338 0.600719 0.0899281 0.0935252 0.927793
