67 0.629496 0.241007 0.0935252 0.0935252 0.827816
121 0.246403 0.785971 0.0899281 0.0899281 0.871873
84 0.73741 0.296763 0.0935252 0.0899281 0.879247
37 0.636691 0.694245 0.0935252 0.0935252 0.887617
90 0.890288 0.426259 0.0899281 0.0899281 0.892423
7 0.872302 0.507194 0.0899281 0.0935252 0.894741
34 0.874101 0.0953237 0.0935252 0.0899281 0.896575
141 0.244604 0.435252 0.0935252 0.0935252 0.903995
106 0.854317 0.178058 0.0899281 0.0899281 0.908139
3 0.296763 0.710432 0.0899281 0.0899281 0.92302
