67 0.348921 0.190647 0.0935252 0.0935252 0.851328
121 0.431655 0.530576 0.0935252 0.0899281 0.869882
84 0.890288 0.368705 0.0899281 0.0899281 0.873684
90 0.624101 0.379496 0.0899281 0.0899281 0.889292
7 0.865108 0.726619 0.0899281 0.0935252 0.894864
37 0.696043 0.746403 0.0899281 0.0899281 0.899306
106 0.91187 0.294964 0.0899281 0.0791367 0.910579
141 0.129496 0.242806 0.0935252 0.0899281 0.915762
34 0.167266 0.197842 0.0899281 0.0935252 0.919567
3 0.143885 0.766187 0.0935252 0.0935252 0.923607
