67 0.645683 0.22482 0.0899281 0.0899281 0.831734
121 0.228417 0.803957 0.0899281 0.0899281 0.863355
37 0.640288 0.694245 0.0935252 0.0935252 0.865103
90 0.886691 0.401079 0.0899281 0.0899281 0.871687
84 0.776978 0.257194 0.0935252 0.0899281 0.891235
141 0.257194 0.415468 0.0899281 0.0899281 0.898521
7 0.866906 0.494604 0.0935252 0.0899281 0.900865
34 0.908273 0.0809353 0.0899281 0.0827338 0.907673
3 0.27518 0.732014 0.0899281 0.0899281 0.908932
106 0.868705 0.163669 0.0899281 0.0899281 0.912239
