121 0.654676 0.658273 0.0935252 0.0935252 0.824405
67 0.544964 0.226619 0.0899281 0.0935252 0.853355
84 0.577338 0.343525 0.0899281 0.0899281 0.867431
7 0.31295 0.710432 0.0935252 0.0755396 0.879302
90 0.571942 0.0989209 0.0935252 0.0899281 0.893055
37 0.386691 0.178058 0.0899281 0.0899281 0.895432
141 0.17446 0.760791 0.0899281 0.0899281 0.900689
34 0.857914 0.320144 0.0899281 0.0935252 0.907856
106 0.647482 0.311151 0.0863309 0.0899281 0.911049
3 0.327338 0.649281 0.0935252 0.0899281 0.930627
