67 0.32554 0.197842 0.0899281 0.0935252 0.839422
7 0.874101 0.714029 0.0935252 0.0899281 0.880448
84 0.888489 0.384892 0.0935252 0.0935252 0.882003
121 0.440647 0.521583 0.0899281 0.0935252 0.885541
37 0.678058 0.753597 0.0899281 0.0899281 0.887486
90 0.611511 0.393885 0.0935252 0.0899281 0.891601
141 0.134892 0.244604 0.0899281 0.0863309 0.908552
106 0.908273 0.314748 0.0899281 0.0827338 0.908858
3 0.154676 0.746403 0.0863309 0.0899281 0.913732
34 0.158273 0.196043 0.0935252 0.0899281 0.916984
