90 0.548561 0.32554 0.0899281 0.0755396 0.530137
67 0.803957 0.226619 0.0899281 0.0935252 0.855747
7 0.494604 0.523381 0.0899281 0.0827338 0.869415
121 0.473022 0.633094 0.0899281 0.0935252 0.875191
84 0.528777 0.377698 0.0935252 0.0935252 0.895554
34 0.872302 0.548561 0.0899281 0.0899281 0.908073
141 0.291367 0.140288 0.0935252 0.0935252 0.909661
106 0.631295 0.350719 0.0899281 0.0899281 0.912505
37 0.559353 0.602518 0.0827338 0.0899281 0.914991
3 0.523381 0.476619 0.0899281 0.0899281 0.927032
