67 0.440647 0.181655 0.0899281 0.0899281 0.822225
106 0.602518 0.420863 0.0827338 0.0935252 0.86917
121 0.483813 0.532374 0.0899281 0.0935252 0.891311
90 0.857914 0.546763 0.0899281 0.0935252 0.891452
7 0.0863309 0.906475 0.0863309 0.0935252 0.898625
141 0.181655 0.233813 0.0899281 0.0935252 0.899288
37 0.483813 0.719424 0.0899281 0.0935252 0.900603
84 0.660072 0.43705 0.0899281 0.0899281 0.906005
34 0.296763 0.232014 0.0899281 0.0899281 0.907152
3 0.444245 0.411871 0.0899281 0.0899281 0.912274
