35 0.138489 0.239209 0.0899281 0.0899281 0.806326
67 0.232014 0.282374 0.0899281 0.0899281 0.840203
84 0.843525 0.751799 0.0899281 0.0935252 0.866872
121 0.519784 0.456835 0.0899281 0.0935252 0.868379
7 0.267986 0.901079 0.0899281 0.0899281 0.887159
141 0.106115 0.280576 0.0899281 0.0863309 0.893598
90 0.579137 0.422662 0.0935252 0.0899281 0.900247
37 0.267986 0.508993 0.0899281 0.0899281 0.900249
106 0.883094 0.451439 0.0899281 0.0899281 0.913247
3 0.19964 0.836331 0.0899281 0.0899281 0.914964
