34 0.901079 0.395683 0.0827338 0.0863309 0.820877
67 0.782374 0.379496 0.0827338 0.0827338 0.840499
84 0.852518 0.510791 0.0935252 0.0863309 0.84801
121 0.901079 0.586331 0.0899281 0.0935252 0.875598
7 0.0881295 0.91187 0.0899281 0.0899281 0.894282
3 0.473022 0.386691 0.0899281 0.0899281 0.899453
141 0.125899 0.498201 0.0935252 0.0899281 0.901033
37 0.422662 0.530576 0.0899281 0.0899281 0.904162
106 0.859712 0.370504 0.0863309 0.0935252 0.911778
90 0.798561 0.451439 0.0863309 0.0899281 0.917277
