67 0.913669 0.0845324 0.0791367 0.0827338 0.579128
28 0.913669 0.0845324 0.0791367 0.0827338 0.583326
34 0.890288 0.528777 0.0899281 0.0935252 0.861412
121 0.314748 0.859712 0.0899281 0.0935252 0.870419
84 0.80036 0.507194 0.0899281 0.0935252 0.881427
7 0.444245 0.678058 0.0899281 0.0899281 0.89401
37 0.219424 0.433453 0.0935252 0.0899281 0.903875
141 0.143885 0.260791 0.0935252 0.0899281 0.907456
106 0.717626 0.27518 0.0899281 0.0899281 0.915286
3 0.22482 0.807554 0.0899281 0.0899281 0.916088
90 0.861511 0.102518 0.0899281 0.0899281 0.923674
