67 0.318345 0.140288 0.0827338 0.0935252 0.789297
121 0.471223 0.516187 0.0935252 0.0899281 0.845809
84 0.577338 0.620504 0.0899281 0.0899281 0.887163
90 0.751799 0.832734 0.0935252 0.0899281 0.892954
7 0.663669 0.872302 0.0899281 0.0899281 0.900963
37 0.296763 0.215827 0.0899281 0.0791367 0.909481
34 0.203237 0.152878 0.0899281 0.0899281 0.909927
106 0.557554 0.469424 0.0935252 0.0899281 0.911249
3 0.649281 0.753597 0.0899281 0.0899281 0.920398
141 0.167266 0.206835 0.0899281 0.0899281 0.921252
