67 0.473022 0.329137 0.0899281 0.0827338 0.782575
35 0.167266 0.203237 0.0899281 0.0899281 0.859176
84 0.872302 0.636691 0.0899281 0.0935252 0.867304
106 0.906475 0.672662 0.0863309 0.0863309 0.869435
121 0.498201 0.51259 0.0899281 0.0899281 0.869741
7 0.0791367 0.920863 0.0719424 0.0791367 0.886802
37 0.541367 0.645683 0.0899281 0.0899281 0.899437
141 0.125899 0.253597 0.0935252 0.0899281 0.89971
90 0.464029 0.401079 0.0935252 0.0899281 0.911513
3 0.203237 0.341727 0.0899281 0.0935252 0.919122
