141 0.255396 0.235612 0.100719 0.0971223 0.517139
141 0.223022 0.269784 0.0863309 0.0863309 0.821453
67 0.485611 0.194245 0.0935252 0.0935252 0.846037
121 0.5 0.517986 0.0935252 0.0935252 0.865426
84 0.658273 0.483813 0.0935252 0.0899281 0.885226
34 0.255396 0.232014 0.0935252 0.0899281 0.886855
90 0.82554 0.516187 0.0899281 0.0899281 0.88742
37 0.476619 0.67446 0.0899281 0.0899281 0.895773
7 0.113309 0.901079 0.0899281 0.0899281 0.90283
106 0.602518 0.426259 0.0899281 0.0899281 0.92013
3 0.429856 0.372302 0.0899281 0.0899281 0.923191
