67 0.778777 0.535971 0.0899281 0.0935252 0.844631
121 0.577338 0.728417 0.0899281 0.0899281 0.857242
7 0.343525 0.584532 0.0899281 0.0899281 0.884592
84 0.852518 0.185252 0.0935252 0.0899281 0.892775
90 0.843525 0.241007 0.0899281 0.0719424 0.894369
34 0.460432 0.17446 0.0935252 0.0899281 0.898738
141 0.678058 0.633094 0.0899281 0.0863309 0.908122
106 0.627698 0.339928 0.0971223 0.0971223 0.913766
3 0.241007 0.836331 0.0935252 0.0899281 0.914691
37 0.510791 0.751799 0.0863309 0.0935252 0.920343
