106 0.517986 0.482014 0.0863309 0.0863309 0.720041
141 0.127698 0.260791 0.0899281 0.0899281 0.83342
35 0.169065 0.206835 0.0935252 0.0899281 0.848452
67 0.435252 0.205036 0.0935252 0.0935252 0.858988
121 0.124101 0.919065 0.0899281 0.0827338 0.877865
84 0.557554 0.453237 0.0935252 0.0935252 0.883906
7 0.438849 0.528777 0.0935252 0.0935252 0.885949
90 0.845324 0.785971 0.0935252 0.0899281 0.886049
37 0.205036 0.633094 0.0935252 0.0863309 0.898816
3 0.365108 0.469424 0.0899281 0.0899281 0.918492
