67 0.663669 0.410072 0.0899281 0.0935252 0.842588
141 0.0863309 0.307554 0.0791367 0.0899281 0.845267
121 0.559353 0.58813 0.0899281 0.0899281 0.872539
84 0.823741 0.624101 0.0935252 0.0899281 0.874874
90 0.534173 0.507194 0.0899281 0.0935252 0.887638
37 0.660072 0.620504 0.0899281 0.0899281 0.900824
7 0.753597 0.721223 0.0899281 0.0755396 0.902781
34 0.129496 0.291367 0.0935252 0.0935252 0.911544
106 0.857914 0.714029 0.0899281 0.0899281 0.914827
3 0.742806 0.649281 0.0899281 0.0899281 0.923472
