28 0.782374 0.363309 0.0755396 0.0935252 0.723264
84 0.669065 0.446043 0.0935252 0.0935252 0.873574
121 0.0791367 0.897482 0.0719424 0.0899281 0.88069
7 0.258993 0.77518 0.0863309 0.0899281 0.902508
141 0.728417 0.598921 0.0899281 0.0899281 0.902702
90 0.868705 0.428058 0.0899281 0.0935252 0.903113
34 0.152878 0.260791 0.0899281 0.0899281 0.903174
37 0.519784 0.629496 0.0899281 0.0935252 0.904843
106 0.728417 0.354317 0.0899281 0.0899281 0.911989
3 0.573741 0.543165 0.0899281 0.0935252 0.918469
