106 0.579137 0.361511 0.0935252 0.0899281 0.511283
84 0.56295 0.350719 0.0899281 0.0899281 0.622124
67 0.717626 0.440647 0.0899281 0.0899281 0.853349
121 0.408273 0.741007 0.0899281 0.0935252 0.887952
90 0.920863 0.0773381 0.0719424 0.0755396 0.890949
7 0.23741 0.528777 0.0935252 0.0935252 0.899815
141 0.627698 0.56295 0.0899281 0.0899281 0.904008
34 0.607914 0.131295 0.0935252 0.0899281 0.907602
3 0.0755396 0.920863 0.0647482 0.0791367 0.910811
106 0.602518 0.379496 0.0899281 0.0899281 0.924901
