67 0.464029 0.190647 0.0935252 0.0935252 0.841732
121 0.0971223 0.902878 0.0935252 0.0935252 0.873084
34 0.890288 0.428058 0.0899281 0.0935252 0.892034
7 0.386691 0.602518 0.0899281 0.0899281 0.89616
84 0.483813 0.334532 0.0899281 0.0935252 0.896544
141 0.210432 0.620504 0.0899281 0.0899281 0.898489
37 0.221223 0.850719 0.0899281 0.0899281 0.904802
90 0.56295 0.183453 0.0899281 0.0935252 0.917806
106 0.570144 0.339928 0.0899281 0.0899281 0.918165
3 0.336331 0.517986 0.0899281 0.0935252 0.921303
