48 0.631295 0.883094 0.0899281 0.0899281 0.780976
89 0.455036 0.656475 0.0827338 0.0899281 0.786089
67 0.489209 0.273381 0.0935252 0.0935252 0.838749
66 0.478417 0.528777 0.0863309 0.0935252 0.849574
103 0.255396 0.264389 0.0935252 0.0899281 0.856424
29 0.145683 0.217626 0.0899281 0.0899281 0.858964
121 0.420863 0.595324 0.0935252 0.0899281 0.875689
128 0.514389 0.654676 0.0935252 0.0863309 0.881446
155 0.728417 0.859712 0.0899281 0.0935252 0.886233
94 0.56295 0.559353 0.0899281 0.0899281 0.891269
