155 0.723022 0.861511 0.0935252 0.0971223 0.755486
48 0.618705 0.883094 0.0863309 0.0899281 0.793827
128 0.516187 0.663669 0.0899281 0.0899281 0.801428
67 0.514389 0.320144 0.0935252 0.0935252 0.817331
89 0.429856 0.66187 0.0827338 0.0791367 0.844094
66 0.473022 0.534173 0.0899281 0.0899281 0.849339
103 0.239209 0.239209 0.0899281 0.0899281 0.860665
94 0.586331 0.579137 0.0935252 0.0935252 0.875961
121 0.408273 0.598921 0.0899281 0.0899281 0.878871
29 0.149281 0.22482 0.0899281 0.0899281 0.883794
