103 0.142086 0.22482 0.0899281 0.0827338 0.72291
66 0.535971 0.480216 0.0935252 0.0899281 0.787811
29 0.115108 0.269784 0.0863309 0.0791367 0.82664
48 0.0899281 0.917266 0.0863309 0.0791367 0.833366
67 0.649281 0.683453 0.0899281 0.0935252 0.845905
121 0.478417 0.485611 0.0791367 0.0935252 0.868307
89 0.415468 0.190647 0.0899281 0.0935252 0.87179
155 0.769784 0.847122 0.0935252 0.0899281 0.874261
94 0.611511 0.830935 0.0863309 0.0935252 0.886241
128 0.496403 0.899281 0.0935252 0.0935252 0.919659
