128 0.0791367 0.920863 0.0719424 0.0719424 0.532797
48 0.124101 0.917266 0.0755396 0.0791367 0.710837
66 0.503597 0.510791 0.0935252 0.0863309 0.840647
67 0.785971 0.52518 0.0899281 0.0935252 0.852696
103 0.58813 0.116906 0.0899281 0.0899281 0.864281
155 0.757194 0.73741 0.0899281 0.0935252 0.864807
29 0.291367 0.102518 0.0935252 0.0899281 0.868762
121 0.354317 0.670863 0.0899281 0.0899281 0.872564
89 0.21223 0.764389 0.0935252 0.0899281 0.875146
94 0.559353 0.607914 0.0899281 0.0935252 0.895803
