48 0.883094 0.75 0.0899281 0.0899281 0.712283
66 0.803957 0.145683 0.0899281 0.0899281 0.835455
67 0.149281 0.465827 0.0899281 0.0827338 0.840082
155 0.859712 0.651079 0.0935252 0.0935252 0.847201
29 0.0935252 0.429856 0.0863309 0.0899281 0.849601
103 0.118705 0.305755 0.0935252 0.0935252 0.856319
121 0.492806 0.510791 0.0935252 0.0935252 0.872498
89 0.451439 0.660072 0.0899281 0.0899281 0.890457
94 0.176259 0.363309 0.0935252 0.0935252 0.894238
128 0.791367 0.744604 0.0863309 0.0935252 0.922446
