48 0.685252 0.886691 0.0899281 0.0899281 0.809636
29 0.0935252 0.298561 0.0863309 0.0863309 0.819212
67 0.66187 0.642086 0.0935252 0.0971223 0.84346
66 0.510791 0.508993 0.0863309 0.0899281 0.848417
89 0.208633 0.248201 0.0935252 0.0935252 0.855411
121 0.440647 0.516187 0.0827338 0.0899281 0.860271
103 0.127698 0.260791 0.0899281 0.0899281 0.874078
94 0.715827 0.753597 0.0935252 0.0899281 0.886282
155 0.841727 0.829137 0.115108 0.111511 0.889506
128 0.282374 0.892086 0.0899281 0.0935252 0.92847
