48 0.793165 0.785971 0.0755396 0.0899281 0.627495
155 0.841727 0.732014 0.0935252 0.0899281 0.812646
67 0.483813 0.183453 0.0899281 0.0935252 0.832493
66 0.508993 0.505396 0.0899281 0.0899281 0.837538
29 0.111511 0.253597 0.0935252 0.0899281 0.852628
103 0.181655 0.181655 0.0899281 0.0899281 0.860776
94 0.847122 0.642086 0.0899281 0.0899281 0.870801
89 0.78777 0.528777 0.0935252 0.0935252 0.899221
121 0.440647 0.523381 0.0827338 0.0899281 0.902222
128 0.868705 0.80036 0.0899281 0.0827338 0.920413
