48 0.580935 0.883094 0.0899281 0.0899281 0.811978
66 0.491007 0.53777 0.0899281 0.0899281 0.852983
67 0.521583 0.338129 0.0935252 0.0935252 0.857117
103 0.22482 0.203237 0.0899281 0.0899281 0.860468
94 0.591727 0.577338 0.0899281 0.0899281 0.860595
121 0.392086 0.577338 0.0935252 0.0899281 0.861474
29 0.145683 0.228417 0.0899281 0.0899281 0.876947
155 0.753597 0.832734 0.0899281 0.0899281 0.880344
89 0.404676 0.631295 0.0899281 0.0755396 0.890276
128 0.505396 0.66187 0.0899281 0.0863309 0.919557
