42 0.847122 0.730216 0.0899281 0.0791367 0.5586
89 0.803957 0.541367 0.0899281 0.0899281 0.580425
155 0.847122 0.728417 0.0899281 0.0755396 0.761522
48 0.794964 0.794964 0.0791367 0.0863309 0.800061
66 0.496403 0.505396 0.0935252 0.0899281 0.846012
67 0.485611 0.194245 0.0935252 0.0935252 0.848951
103 0.181655 0.181655 0.0899281 0.0899281 0.854844
94 0.847122 0.660072 0.0899281 0.0899281 0.868192
29 0.129496 0.239209 0.0935252 0.0899281 0.893976
121 0.440647 0.532374 0.0827338 0.0935252 0.91049
128 0.875899 0.785971 0.0899281 0.0827338 0.912214
