48 0.875899 0.755396 0.0899281 0.0863309 0.752131
155 0.872302 0.66187 0.0899281 0.0935252 0.790795
103 0.113309 0.305755 0.0899281 0.0935252 0.826465
66 0.821942 0.131295 0.0899281 0.0899281 0.844004
67 0.169065 0.478417 0.0935252 0.0935252 0.857092
121 0.489209 0.510791 0.0935252 0.0935252 0.865852
89 0.442446 0.670863 0.0935252 0.0899281 0.869159
29 0.0917266 0.453237 0.0827338 0.0863309 0.873469
94 0.185252 0.352518 0.0899281 0.0935252 0.889066
128 0.771583 0.723022 0.0899281 0.0935252 0.926274
