155 0.877698 0.660072 0.0935252 0.0899281 0.746063
48 0.866906 0.735611 0.0935252 0.0827338 0.7749
67 0.210432 0.480216 0.0899281 0.0899281 0.817494
66 0.857914 0.102518 0.0899281 0.0899281 0.829959
103 0.111511 0.307554 0.0935252 0.0899281 0.851948
121 0.469424 0.510791 0.0899281 0.0935252 0.873786
29 0.0989209 0.498201 0.0899281 0.0899281 0.878941
89 0.411871 0.701439 0.0899281 0.0935252 0.890752
94 0.226619 0.366906 0.0935252 0.0935252 0.891132
128 0.753597 0.670863 0.0899281 0.0899281 0.923579
