155 0.776978 0.766187 0.0935252 0.0935252 0.557939
48 0.210432 0.908273 0.0827338 0.0899281 0.801255
67 0.730216 0.43705 0.0935252 0.0899281 0.829229
66 0.469424 0.505396 0.0899281 0.0899281 0.835915
103 0.455036 0.118705 0.0899281 0.0935252 0.861435
29 0.291367 0.0971223 0.0935252 0.0935252 0.864356
89 0.30036 0.656475 0.0899281 0.0899281 0.871091
94 0.478417 0.708633 0.0935252 0.0935252 0.881053
121 0.440647 0.559353 0.0899281 0.0899281 0.882644
128 0.266187 0.890288 0.0863309 0.0899281 0.930588
