21 0.821942 0.757194 0.0755396 0.0899281 0.535395
48 0.821942 0.757194 0.0755396 0.0899281 0.584993
67 0.21223 0.442446 0.0935252 0.0935252 0.833624
155 0.879496 0.717626 0.0899281 0.0899281 0.852837
66 0.431655 0.456835 0.115108 0.115108 0.875568
89 0.257194 0.811151 0.0899281 0.0899281 0.885478
29 0.0881295 0.705036 0.0899281 0.0935252 0.886397
94 0.22482 0.190647 0.0899281 0.0935252 0.889715
121 0.422662 0.559353 0.0899281 0.0899281 0.903692
128 0.746403 0.757194 0.0899281 0.0899281 0.922637
