21 0.848921 0.803957 0.0863309 0.0827338 0.649483
155 0.870504 0.741007 0.0935252 0.0935252 0.767002
67 0.23741 0.478417 0.0935252 0.0935252 0.842781
103 0.881295 0.0827338 0.0863309 0.0791367 0.852536
29 0.19964 0.156475 0.0899281 0.0899281 0.859237
66 0.615108 0.384892 0.0935252 0.0935252 0.867555
94 0.861511 0.185252 0.0899281 0.0899281 0.8712
121 0.519784 0.476619 0.0899281 0.0899281 0.876685
89 0.541367 0.638489 0.0899281 0.0899281 0.877513
128 0.780576 0.764389 0.0863309 0.0899281 0.920941
