67 0.21223 0.447842 0.0863309 0.0899281 0.695559
48 0.854317 0.728417 0.0899281 0.0899281 0.702174
103 0.17446 0.232014 0.0899281 0.0899281 0.836763
155 0.904676 0.679856 0.0899281 0.0935252 0.868546
29 0.0917266 0.634892 0.0899281 0.0899281 0.870793
66 0.431655 0.455036 0.100719 0.104317 0.876305
121 0.447842 0.559353 0.0899281 0.0899281 0.884451
94 0.239209 0.267986 0.0899281 0.0899281 0.885257
89 0.314748 0.785971 0.0899281 0.0899281 0.896231
128 0.730216 0.697842 0.0935252 0.0935252 0.927178
