48 0.0755396 0.922662 0.0647482 0.0755396 0.580184
21 0.0755396 0.920863 0.0719424 0.0791367 0.722197
67 0.732014 0.56295 0.0899281 0.0899281 0.835624
66 0.571942 0.428058 0.0935252 0.0935252 0.848842
29 0.289568 0.124101 0.0899281 0.0899281 0.867402
121 0.442446 0.539568 0.0935252 0.0935252 0.869366
89 0.564748 0.798561 0.0935252 0.0935252 0.874147
155 0.908273 0.113309 0.0899281 0.0899281 0.877509
94 0.678058 0.152878 0.0899281 0.0899281 0.880154
128 0.748201 0.847122 0.0935252 0.0899281 0.923177
