21 0.796763 0.829137 0.0899281 0.0899281 0.513365
48 0.794964 0.829137 0.0863309 0.0899281 0.700378
67 0.343525 0.593525 0.0899281 0.0935252 0.826824
155 0.856115 0.685252 0.0935252 0.0899281 0.854177
66 0.478417 0.543165 0.0935252 0.0935252 0.858495
103 0.370504 0.127698 0.0935252 0.0899281 0.859371
121 0.192446 0.847122 0.0899281 0.0899281 0.859926
29 0.120504 0.134892 0.0899281 0.0899281 0.865073
94 0.27518 0.129496 0.0899281 0.0935252 0.872036
128 0.735611 0.852518 0.0899281 0.0935252 0.92098
