48 0.602518 0.883094 0.0899281 0.0899281 0.785357
67 0.521583 0.338129 0.0935252 0.0935252 0.843735
103 0.226619 0.221223 0.0935252 0.0899281 0.844899
66 0.476619 0.53777 0.0899281 0.0899281 0.848189
29 0.143885 0.21223 0.0863309 0.0935252 0.869719
121 0.397482 0.602518 0.0899281 0.0899281 0.870246
155 0.73741 0.845324 0.0935252 0.0935252 0.878164
128 0.532374 0.658273 0.0935252 0.0935252 0.888286
89 0.417266 0.649281 0.0863309 0.0827338 0.891393
94 0.602518 0.593525 0.0899281 0.0935252 0.893629
