21 0.0755396 0.920863 0.0719424 0.0791367 0.699622
48 0.0755396 0.922662 0.0647482 0.0755396 0.710306
66 0.46223 0.571942 0.0899281 0.0935252 0.855187
67 0.663669 0.683453 0.0899281 0.0935252 0.858392
155 0.606115 0.420863 0.0899281 0.0935252 0.868713
29 0.223022 0.458633 0.0935252 0.0899281 0.868814
103 0.830935 0.625899 0.0935252 0.0863309 0.870419
121 0.773381 0.850719 0.0935252 0.0899281 0.885922
94 0.508993 0.784173 0.0899281 0.0935252 0.89917
128 0.622302 0.827338 0.0935252 0.0935252 0.912376
