48 0.886691 0.372302 0.0899281 0.0899281 0.6438
67 0.508993 0.638489 0.0899281 0.0899281 0.823711
51 0.257194 0.723022 0.0899281 0.0935252 0.857279
46 0.0791367 0.910072 0.0791367 0.0863309 0.878706
17 0.440647 0.528777 0.0827338 0.0935252 0.886078
27 0.766187 0.879496 0.0935252 0.0971223 0.886323
53 0.508993 0.543165 0.0899281 0.0935252 0.889007
21 0.19964 0.651079 0.0899281 0.0935252 0.893337
128 0.607914 0.595324 0.0863309 0.0899281 0.921931
71 0.739209 0.0863309 0.0899281 0.0863309 0.928253
