46 0.248201 0.136691 0.0935252 0.0935252 0.62867
48 0.782374 0.830935 0.0899281 0.0935252 0.806299
67 0.782374 0.169065 0.0899281 0.0935252 0.838114
27 0.733813 0.850719 0.0863309 0.0899281 0.848084
51 0.210432 0.915468 0.0899281 0.0899281 0.872405
21 0.428058 0.383094 0.0863309 0.0899281 0.887498
17 0.465827 0.508993 0.0755396 0.0899281 0.899299
53 0.530576 0.505396 0.0899281 0.0899281 0.907098
71 0.442446 0.165468 0.0935252 0.0935252 0.908814
128 0.701439 0.758993 0.0935252 0.0935252 0.928466
