48 0.618705 0.600719 0.0863309 0.0863309 0.738334
67 0.746403 0.528777 0.0899281 0.0935252 0.842385
51 0.528777 0.591727 0.0863309 0.0899281 0.869291
17 0.113309 0.278777 0.0899281 0.0899281 0.8774
21 0.482014 0.548561 0.0863309 0.0899281 0.881905
27 0.197842 0.913669 0.0935252 0.0863309 0.893273
53 0.152878 0.226619 0.0899281 0.0935252 0.900976
128 0.922662 0.0773381 0.0755396 0.0683453 0.902287
46 0.0827338 0.901079 0.0863309 0.0899281 0.911272
71 0.51259 0.483813 0.0899281 0.0899281 0.922526
