46 0.338129 0.694245 0.0935252 0.0719424 0.614596
48 0.503597 0.476619 0.0863309 0.0899281 0.665933
67 0.597122 0.267986 0.0863309 0.0899281 0.842513
17 0.528777 0.857914 0.0935252 0.0899281 0.874538
53 0.242806 0.143885 0.0899281 0.0935252 0.882686
51 0.514389 0.647482 0.0935252 0.0935252 0.891613
27 0.464029 0.552158 0.0935252 0.0899281 0.913476
71 0.620504 0.821942 0.0899281 0.0899281 0.920242
46 0.341727 0.638489 0.0935252 0.0899281 0.922351
128 0.678058 0.284173 0.0899281 0.0935252 0.926594
