128 0.870504 0.0773381 0.0863309 0.0755396 0.729244
48 0.908273 0.232014 0.0899281 0.0899281 0.830677
67 0.651079 0.55036 0.0935252 0.0935252 0.852312
21 0.172662 0.865108 0.0935252 0.0899281 0.875432
53 0.534173 0.480216 0.0899281 0.0899281 0.882963
46 0.471223 0.253597 0.0935252 0.0899281 0.890136
17 0.429856 0.523381 0.0899281 0.0899281 0.892105
27 0.401079 0.893885 0.0899281 0.0899281 0.898889
71 0.870504 0.0773381 0.0863309 0.0755396 0.899989
51 0.395683 0.73741 0.0935252 0.0935252 0.900436
128 0.908273 0.116906 0.0899281 0.0899281 0.926217
