48 0.874101 0.339928 0.0863309 0.0899281 0.685069
21 0.874101 0.339928 0.0863309 0.0971223 0.694966
46 0.0827338 0.879496 0.0791367 0.0899281 0.823505
67 0.843525 0.0971223 0.0899281 0.0935252 0.852804
53 0.206835 0.161871 0.0899281 0.0935252 0.853865
21 0.205036 0.897482 0.0863309 0.0899281 0.886874
27 0.796763 0.807554 0.0899281 0.0899281 0.887351
17 0.375899 0.598921 0.0899281 0.0899281 0.892306
51 0.728417 0.730216 0.0899281 0.0935252 0.892669
71 0.651079 0.379496 0.0935252 0.0899281 0.9173
128 0.803957 0.31295 0.0899281 0.0935252 0.925763
