21 0.570144 0.399281 0.0899281 0.0791367 0.556073
48 0.570144 0.399281 0.0899281 0.0791367 0.617982
67 0.660072 0.431655 0.0899281 0.0935252 0.856497
53 0.751799 0.521583 0.0935252 0.0935252 0.865709
27 0.456835 0.473022 0.0935252 0.0899281 0.870439
51 0.332734 0.406475 0.0899281 0.0935252 0.879879
17 0.670863 0.751799 0.0899281 0.0935252 0.890508
46 0.113309 0.458633 0.0899281 0.0899281 0.902305
71 0.111511 0.210432 0.0935252 0.0899281 0.913585
128 0.56295 0.329137 0.0899281 0.0899281 0.921658
