48 0.879496 0.46223 0.0899281 0.0899281 0.77808
67 0.491007 0.638489 0.0827338 0.0899281 0.842236
27 0.760791 0.884892 0.0899281 0.0935252 0.882449
21 0.206835 0.566547 0.0899281 0.0899281 0.883706
17 0.426259 0.530576 0.0755396 0.0899281 0.884279
53 0.496403 0.532374 0.0935252 0.0935252 0.899749
51 0.32554 0.651079 0.0899281 0.0935252 0.903129
46 0.0863309 0.890288 0.0863309 0.0899281 0.908231
128 0.557554 0.658273 0.0935252 0.0935252 0.920312
71 0.651079 0.0899281 0.0935252 0.0935252 0.931947
