27 0.705036 0.652878 0.0863309 0.0899281 0.838885
67 0.176259 0.435252 0.0935252 0.0935252 0.856518
53 0.111511 0.321942 0.0935252 0.0899281 0.859792
103 0.478417 0.496403 0.0863309 0.0719424 0.869226
21 0.642086 0.660072 0.0755396 0.0899281 0.870727
51 0.523381 0.622302 0.0899281 0.0935252 0.881977
17 0.854317 0.647482 0.0899281 0.0935252 0.900117
46 0.341727 0.613309 0.0935252 0.0899281 0.902843
71 0.413669 0.438849 0.0791367 0.0863309 0.915439
128 0.482014 0.419065 0.0935252 0.0899281 0.926791
