21 0.568345 0.482014 0.0863309 0.0935252 0.577096
48 0.570144 0.480216 0.0899281 0.0899281 0.633505
53 0.568345 0.152878 0.0935252 0.0899281 0.854795
27 0.485611 0.505396 0.0791367 0.0899281 0.855112
67 0.586331 0.816547 0.0935252 0.0935252 0.862676
46 0.32554 0.807554 0.0899281 0.0899281 0.884297
17 0.25 0.30036 0.0899281 0.0899281 0.886373
21 0.339928 0.32554 0.0899281 0.0899281 0.896934
51 0.447842 0.460432 0.0899281 0.0935252 0.903314
71 0.586331 0.881295 0.0935252 0.0719424 0.911173
128 0.535971 0.552158 0.0935252 0.0899281 0.921017
