67 0.640288 0.694245 0.0863309 0.0935252 0.773785
103 0.80036 0.82554 0.0899281 0.0899281 0.815552
46 0.149281 0.266187 0.0899281 0.0791367 0.816606
51 0.431655 0.901079 0.0935252 0.0971223 0.865865
53 0.519784 0.501799 0.0899281 0.0899281 0.884593
21 0.255396 0.548561 0.0935252 0.0899281 0.891567
17 0.447842 0.516187 0.0827338 0.0899281 0.892238
27 0.735611 0.859712 0.0899281 0.0935252 0.895974
128 0.730216 0.753597 0.0935252 0.0899281 0.922145
71 0.149281 0.196043 0.0899281 0.0899281 0.928007
