48 0.865108 0.523381 0.0899281 0.0899281 0.760866
67 0.697842 0.183453 0.0935252 0.0935252 0.859177
53 0.228417 0.273381 0.0899281 0.0935252 0.863897
17 0.48741 0.553957 0.0899281 0.0935252 0.882483
27 0.868705 0.805755 0.0899281 0.0863309 0.883546
21 0.370504 0.872302 0.0935252 0.0899281 0.892401
51 0.839928 0.751799 0.0899281 0.0935252 0.902988
46 0.0845324 0.739209 0.0899281 0.0899281 0.905275
71 0.555755 0.429856 0.0899281 0.0899281 0.909273
128 0.593525 0.339928 0.0935252 0.0899281 0.925556
