48 0.892086 0.356115 0.0863309 0.0935252 0.540194
21 0.892086 0.356115 0.0863309 0.0863309 0.546172
67 0.715827 0.438849 0.0935252 0.0935252 0.858742
21 0.271583 0.803957 0.0899281 0.0899281 0.878477
53 0.53777 0.494604 0.118705 0.118705 0.887097
51 0.43705 0.755396 0.0899281 0.0935252 0.896644
46 0.442446 0.241007 0.0935252 0.0935252 0.898733
27 0.507194 0.881295 0.0935252 0.0935252 0.899754
17 0.428058 0.523381 0.100719 0.0971223 0.915502
128 0.829137 0.22482 0.0899281 0.0899281 0.919839
71 0.769784 0.0863309 0.0935252 0.0863309 0.926364
