21 0.276978 0.555755 0.0791367 0.0899281 0.585898
46 0.276978 0.555755 0.0863309 0.0971223 0.631856
48 0.66187 0.321942 0.0935252 0.0899281 0.825407
67 0.719424 0.42446 0.0935252 0.0935252 0.848411
51 0.282374 0.823741 0.0899281 0.0935252 0.875763
53 0.444245 0.127698 0.0899281 0.0899281 0.879381
27 0.307554 0.721223 0.0899281 0.0899281 0.881535
17 0.397482 0.877698 0.0899281 0.0935252 0.884626
46 0.21223 0.539568 0.0935252 0.0935252 0.909185
71 0.807554 0.757194 0.0899281 0.0899281 0.921965
128 0.796763 0.21223 0.0899281 0.0935252 0.925068
