48 0.857914 0.631295 0.0899281 0.0899281 0.815248
67 0.622302 0.375899 0.0863309 0.0899281 0.830594
17 0.178058 0.773381 0.0899281 0.0935252 0.87422
53 0.823741 0.125899 0.0935252 0.0935252 0.875712
27 0.715827 0.843525 0.0935252 0.0899281 0.885568
51 0.573741 0.730216 0.0899281 0.0935252 0.887117
21 0.51259 0.802158 0.0899281 0.0935252 0.893128
46 0.456835 0.136691 0.0935252 0.0935252 0.902451
71 0.584532 0.0845324 0.0899281 0.0899281 0.910676
128 0.757194 0.541367 0.0899281 0.0899281 0.927713
