48 0.857914 0.611511 0.0899281 0.0935252 0.784003
53 0.257194 0.354317 0.0899281 0.0899281 0.845749
67 0.631295 0.23741 0.0899281 0.0935252 0.852763
21 0.455036 0.872302 0.0899281 0.0899281 0.870543
27 0.884892 0.760791 0.0719424 0.0899281 0.877211
17 0.458633 0.516187 0.0899281 0.0899281 0.881361
46 0.0863309 0.652878 0.0863309 0.0899281 0.902595
51 0.827338 0.764389 0.0863309 0.0971223 0.902797
128 0.528777 0.27518 0.0935252 0.0899281 0.916847
71 0.543165 0.456835 0.0935252 0.0935252 0.923657
