48 0.660072 0.291367 0.0755396 0.0935252 0.659896
67 0.73741 0.442446 0.0935252 0.0935252 0.834332
17 0.205036 0.113309 0.0935252 0.0899281 0.87572
27 0.458633 0.546763 0.0899281 0.0935252 0.882113
21 0.393885 0.169065 0.0899281 0.0935252 0.884621
53 0.451439 0.0881295 0.0971223 0.0971223 0.889819
51 0.426259 0.399281 0.0899281 0.0935252 0.896444
46 0.564748 0.854317 0.0935252 0.0899281 0.907945
128 0.723022 0.303957 0.0935252 0.0899281 0.912033
71 0.516187 0.505396 0.0899281 0.0899281 0.923681
