21 0.769784 0.852518 0.0863309 0.0863309 0.501398
48 0.766187 0.854317 0.0863309 0.0899281 0.630867
51 0.690647 0.870504 0.0863309 0.0935252 0.856453
67 0.726619 0.701439 0.0935252 0.0935252 0.857459
53 0.579137 0.548561 0.0935252 0.0899281 0.857879
21 0.420863 0.444245 0.0935252 0.0899281 0.882834
17 0.293165 0.206835 0.0899281 0.0899281 0.883249
46 0.161871 0.847122 0.0935252 0.0899281 0.888488
128 0.69964 0.758993 0.0899281 0.0935252 0.899137
71 0.176259 0.196043 0.0935252 0.0899281 0.919411
