48 0.521583 0.492806 0.0935252 0.0935252 0.740824
51 0.0791367 0.920863 0.0647482 0.0791367 0.852597
67 0.595324 0.821942 0.0899281 0.0899281 0.859409
53 0.415468 0.284173 0.0899281 0.0935252 0.866753
17 0.170863 0.206835 0.0899281 0.0899281 0.87827
21 0.339928 0.372302 0.0899281 0.0899281 0.884327
27 0.453237 0.514389 0.0863309 0.0935252 0.885998
46 0.428058 0.832734 0.0935252 0.0899281 0.894072
128 0.521583 0.586331 0.0935252 0.0935252 0.924826
71 0.564748 0.877698 0.0935252 0.0863309 0.926514
