48 0.498201 0.336331 0.0899281 0.0899281 0.795944
67 0.872302 0.102518 0.0899281 0.0899281 0.835798
53 0.442446 0.188849 0.0935252 0.0899281 0.858816
21 0.0827338 0.919065 0.0791367 0.0827338 0.861509
17 0.233813 0.863309 0.0863309 0.0863309 0.897016
46 0.145683 0.886691 0.0899281 0.0899281 0.897654
27 0.246403 0.782374 0.0899281 0.0899281 0.898247
51 0.321942 0.701439 0.0899281 0.0935252 0.901259
128 0.920863 0.073741 0.0791367 0.0755396 0.90268
71 0.818345 0.859712 0.0899281 0.0935252 0.920366
