48 0.678058 0.271583 0.0755396 0.0899281 0.692227
67 0.739209 0.442446 0.0899281 0.0935252 0.830961
17 0.223022 0.111511 0.0935252 0.0935252 0.863383
21 0.395683 0.167266 0.0935252 0.0899281 0.886945
27 0.46223 0.548561 0.0899281 0.0899281 0.890661
53 0.451439 0.0881295 0.0971223 0.0971223 0.892887
51 0.426259 0.374101 0.0899281 0.0935252 0.898181
46 0.543165 0.859712 0.0935252 0.0935252 0.900336
71 0.519784 0.501799 0.0899281 0.0899281 0.921412
128 0.742806 0.284173 0.0899281 0.0935252 0.927548
