48 0.872302 0.516187 0.0899281 0.0899281 0.791405
53 0.53777 0.496403 0.0899281 0.0935252 0.848203
67 0.708633 0.422662 0.0935252 0.0899281 0.849118
51 0.510791 0.719424 0.0935252 0.0935252 0.881703
17 0.102518 0.857914 0.0899281 0.0899281 0.88267
46 0.446043 0.165468 0.0935252 0.0935252 0.889025
21 0.415468 0.742806 0.0899281 0.0899281 0.893598
27 0.620504 0.852518 0.0899281 0.0935252 0.898768
128 0.793165 0.406475 0.0899281 0.0935252 0.921036
71 0.624101 0.0899281 0.0899281 0.0935252 0.930556
