71 0.579137 0.872302 0.0863309 0.0827338 0.736696
48 0.519784 0.492806 0.0899281 0.0935252 0.737505
67 0.580935 0.870504 0.0899281 0.0791367 0.817897
67 0.598921 0.823741 0.0899281 0.0935252 0.837115
53 0.458633 0.246403 0.0899281 0.0899281 0.854107
21 0.330935 0.347122 0.0863309 0.0899281 0.863531
17 0.147482 0.246403 0.0935252 0.0899281 0.871825
27 0.458633 0.516187 0.0827338 0.0899281 0.878012
46 0.447842 0.766187 0.0899281 0.0935252 0.898684
51 0.435252 0.444245 0.0935252 0.0899281 0.908949
128 0.53777 0.600719 0.0899281 0.0935252 0.923478
