48 0.764389 0.181655 0.0827338 0.0899281 0.808001
67 0.715827 0.429856 0.0935252 0.0899281 0.830908
21 0.397482 0.167266 0.111511 0.111511 0.881502
53 0.422662 0.0881295 0.0899281 0.0899281 0.885367
51 0.381295 0.402878 0.0863309 0.0935252 0.886756
27 0.408273 0.607914 0.0899281 0.0935252 0.896619
46 0.469424 0.893885 0.0899281 0.0899281 0.898132
17 0.276978 0.151079 0.0935252 0.0935252 0.905492
128 0.843525 0.192446 0.0899281 0.0899281 0.923668
71 0.516187 0.510791 0.0899281 0.0863309 0.925467
