48 0.647482 0.341727 0.0935252 0.0935252 0.779394
67 0.723022 0.428058 0.0935252 0.0935252 0.823658
53 0.420863 0.133094 0.0935252 0.0935252 0.865523
21 0.0773381 0.922662 0.0683453 0.0755396 0.868201
27 0.321942 0.703237 0.0899281 0.0899281 0.886417
46 0.215827 0.51259 0.0935252 0.0899281 0.889275
51 0.303957 0.807554 0.0899281 0.0899281 0.892897
17 0.419065 0.868705 0.0899281 0.0899281 0.893206
71 0.809353 0.766187 0.0935252 0.0935252 0.91654
128 0.778777 0.233813 0.0899281 0.0935252 0.923847
