48 0.870504 0.406475 0.0935252 0.0935252 0.763908
67 0.789568 0.125899 0.0899281 0.0935252 0.824461
53 0.196043 0.170863 0.0899281 0.0899281 0.851358
46 0.0809353 0.861511 0.0827338 0.0899281 0.868815
21 0.267986 0.893885 0.0899281 0.0899281 0.879299
27 0.807554 0.785971 0.0899281 0.0899281 0.889965
17 0.435252 0.571942 0.0935252 0.0935252 0.892234
51 0.753597 0.701439 0.0899281 0.0935252 0.902731
71 0.613309 0.42446 0.0899281 0.0935252 0.921902
128 0.730216 0.336331 0.0935252 0.0899281 0.92668
