48 0.798561 0.149281 0.0791367 0.0899281 0.684697
67 0.681655 0.408273 0.0899281 0.0899281 0.847771
84 0.258993 0.120504 0.0863309 0.0899281 0.870326
53 0.377698 0.0953237 0.0935252 0.0899281 0.871131
21 0.377698 0.179856 0.0935252 0.0863309 0.882562
27 0.381295 0.640288 0.0935252 0.0935252 0.891008
51 0.343525 0.43705 0.0899281 0.0899281 0.891787
46 0.428058 0.886691 0.0935252 0.0899281 0.896117
71 0.501799 0.510791 0.0899281 0.0863309 0.921718
128 0.879496 0.149281 0.0899281 0.0899281 0.928257
