48 0.505396 0.440647 0.0899281 0.0899281 0.777284
21 0.305755 0.723022 0.0863309 0.0863309 0.792082
67 0.625899 0.235612 0.0791367 0.0899281 0.840464
53 0.267986 0.133094 0.0899281 0.0935252 0.872248
27 0.435252 0.586331 0.0935252 0.0863309 0.885848
17 0.478417 0.854317 0.0935252 0.0899281 0.892074
51 0.469424 0.658273 0.0899281 0.0935252 0.905293
46 0.341727 0.683453 0.0935252 0.0863309 0.908147
128 0.69964 0.235612 0.0899281 0.0899281 0.917138
71 0.615108 0.816547 0.0935252 0.0935252 0.927655
