128 0.571942 0.598921 0.0791367 0.0827338 0.519805
48 0.444245 0.516187 0.0899281 0.0899281 0.791009
67 0.386691 0.399281 0.0899281 0.0935252 0.851176
53 0.406475 0.170863 0.0935252 0.0899281 0.861333
51 0.584532 0.679856 0.0899281 0.0935252 0.881591
27 0.17446 0.861511 0.0899281 0.0899281 0.885689
17 0.429856 0.681655 0.0899281 0.0899281 0.889684
46 0.507194 0.586331 0.0935252 0.0935252 0.894808
128 0.543165 0.53777 0.0935252 0.0899281 0.908381
71 0.890288 0.458633 0.0899281 0.0899281 0.916055
