48 0.874101 0.48741 0.0935252 0.0899281 0.737598
67 0.496403 0.636691 0.0935252 0.0935252 0.845729
51 0.341727 0.636691 0.0935252 0.0935252 0.886893
27 0.764389 0.883094 0.0899281 0.0899281 0.887724
21 0.206835 0.544964 0.0899281 0.0899281 0.888268
46 0.0881295 0.879496 0.0899281 0.0899281 0.893952
17 0.428058 0.523381 0.0863309 0.0899281 0.897317
53 0.494604 0.53777 0.0899281 0.0899281 0.913303
128 0.571942 0.679856 0.0935252 0.0935252 0.926773
71 0.629496 0.0899281 0.0935252 0.0935252 0.932616
