48 0.604317 0.368705 0.0863309 0.0899281 0.781375
21 0.532374 0.649281 0.0863309 0.0899281 0.837256
67 0.530576 0.352518 0.0899281 0.0935252 0.83747
53 0.874101 0.172662 0.0935252 0.0863309 0.850756
46 0.104317 0.435252 0.0935252 0.0791367 0.867026
27 0.526978 0.464029 0.0899281 0.0935252 0.893376
17 0.508993 0.732014 0.0899281 0.0899281 0.895629
51 0.577338 0.609712 0.0899281 0.0899281 0.909447
71 0.0953237 0.363309 0.0899281 0.0935252 0.919003
128 0.850719 0.111511 0.0899281 0.0935252 0.920441
