48 0.44964 0.503597 0.0863309 0.0863309 0.516494
46 0.501799 0.577338 0.0899281 0.0899281 0.70921
21 0.568345 0.589928 0.0791367 0.0791367 0.745388
51 0.582734 0.66187 0.0863309 0.0935252 0.755355
31 0.447842 0.503597 0.0827338 0.0863309 0.802097
67 0.368705 0.413669 0.0899281 0.0935252 0.856789
53 0.395683 0.167266 0.0863309 0.0899281 0.875144
27 0.197842 0.839928 0.0935252 0.0899281 0.889564
17 0.447842 0.667266 0.0899281 0.0899281 0.891606
71 0.886691 0.455036 0.0899281 0.0899281 0.916791
128 0.53777 0.52518 0.0899281 0.0863309 0.927974
