67 0.584532 0.874101 0.0899281 0.0791367 0.543749
71 0.584532 0.874101 0.0899281 0.0791367 0.789015
67 0.598921 0.823741 0.0899281 0.0935252 0.807922
21 0.336331 0.338129 0.0899281 0.0863309 0.877586
53 0.482014 0.242806 0.0935252 0.0899281 0.878291
17 0.158273 0.241007 0.0935252 0.0935252 0.880476
46 0.429856 0.755396 0.0899281 0.0935252 0.889094
27 0.460432 0.523381 0.0935252 0.0899281 0.893273
51 0.433453 0.446043 0.0971223 0.0935252 0.898016
128 0.539568 0.600719 0.0935252 0.0935252 0.923545
