48 0.516187 0.417266 0.0899281 0.0863309 0.763885
67 0.498201 0.334532 0.0899281 0.0935252 0.807682
53 0.433453 0.192446 0.0899281 0.0899281 0.854597
27 0.0845324 0.919065 0.0827338 0.0755396 0.859273
17 0.27518 0.798561 0.0899281 0.0935252 0.865441
51 0.415468 0.694245 0.0899281 0.0935252 0.88019
21 0.645683 0.555755 0.0899281 0.0899281 0.892358
46 0.494604 0.634892 0.0899281 0.0899281 0.900013
71 0.883094 0.359712 0.0899281 0.0935252 0.914915
128 0.607914 0.419065 0.0935252 0.0899281 0.924165
