48 0.865108 0.586331 0.0899281 0.0935252 0.772364
67 0.663669 0.399281 0.0899281 0.0935252 0.824255
17 0.145683 0.803957 0.0899281 0.0899281 0.878946
53 0.886691 0.0863309 0.0899281 0.0863309 0.885619
21 0.47482 0.782374 0.0863309 0.0899281 0.888803
27 0.672662 0.848921 0.0935252 0.0935252 0.89564
46 0.460432 0.133094 0.0935252 0.0935252 0.901862
51 0.535971 0.742806 0.0935252 0.0899281 0.902779
71 0.580935 0.0863309 0.0899281 0.0863309 0.919363
128 0.780576 0.489209 0.0935252 0.0935252 0.92367
