48 0.523381 0.456835 0.0899281 0.0935252 0.785102
46 0.314748 0.546763 0.0899281 0.0935252 0.848584
67 0.53777 0.321942 0.0899281 0.0899281 0.850178
53 0.206835 0.142086 0.0899281 0.0899281 0.866635
17 0.604317 0.892086 0.0935252 0.0791367 0.881991
27 0.489209 0.523381 0.0935252 0.0899281 0.884614
21 0.393885 0.615108 0.0899281 0.0935252 0.887491
51 0.591727 0.577338 0.0899281 0.0899281 0.902088
128 0.620504 0.377698 0.0899281 0.0935252 0.920273
71 0.613309 0.820144 0.0899281 0.0863309 0.921425
