21 0.875899 0.314748 0.0827338 0.0827338 0.539382
46 0.0809353 0.901079 0.0755396 0.0899281 0.724656
67 0.865108 0.0881295 0.0899281 0.0899281 0.868907
17 0.356115 0.611511 0.0935252 0.0935252 0.878137
53 0.206835 0.147482 0.0899281 0.0935252 0.879285
27 0.793165 0.81295 0.0899281 0.0935252 0.881452
21 0.181655 0.897482 0.0899281 0.0899281 0.883535
51 0.710432 0.744604 0.0899281 0.0935252 0.883875
71 0.665468 0.365108 0.0935252 0.0899281 0.917722
128 0.821942 0.293165 0.0899281 0.0899281 0.924013
