48 0.832734 0.785971 0.0899281 0.0899281 0.701815
46 0.368705 0.131295 0.0899281 0.0899281 0.703415
53 0.678058 0.305755 0.0899281 0.0935252 0.859294
67 0.507194 0.276978 0.0935252 0.0935252 0.860203
17 0.330935 0.636691 0.0935252 0.0935252 0.872309
128 0.721223 0.667266 0.0899281 0.0899281 0.878846
51 0.636691 0.789568 0.0935252 0.0971223 0.885845
27 0.785971 0.832734 0.0899281 0.0899281 0.887653
21 0.568345 0.807554 0.0863309 0.0899281 0.890036
71 0.489209 0.125899 0.0935252 0.0935252 0.911557
