48 0.856115 0.645683 0.0935252 0.0899281 0.755878
67 0.503597 0.642086 0.0863309 0.0899281 0.830255
21 0.192446 0.442446 0.0899281 0.0935252 0.858958
27 0.789568 0.874101 0.0899281 0.0935252 0.886313
53 0.546763 0.539568 0.0935252 0.0935252 0.892601
51 0.408273 0.640288 0.0899281 0.0935252 0.893681
46 0.158273 0.773381 0.0935252 0.0935252 0.899246
17 0.451439 0.526978 0.0899281 0.0899281 0.902758
71 0.485611 0.102518 0.0935252 0.0899281 0.918106
128 0.589928 0.744604 0.0935252 0.0935252 0.926542
