48 0.528777 0.501799 0.0863309 0.0971223 0.698834
67 0.57554 0.879496 0.0935252 0.0899281 0.759634
67 0.598921 0.823741 0.0899281 0.0935252 0.845124
53 0.419065 0.26259 0.0899281 0.0935252 0.857186
27 0.455036 0.517986 0.0827338 0.0863309 0.88334
21 0.336331 0.348921 0.0899281 0.0935252 0.884924
17 0.17446 0.217626 0.0899281 0.0899281 0.888409
46 0.429856 0.809353 0.0899281 0.0935252 0.890634
51 0.433453 0.447842 0.0899281 0.0827338 0.893864
71 0.57554 0.879496 0.0935252 0.0899281 0.898868
128 0.530576 0.595324 0.0899281 0.0899281 0.923378
