48 0.856115 0.652878 0.0863309 0.0899281 0.759971
53 0.805755 0.140288 0.0863309 0.0935252 0.816188
67 0.606115 0.361511 0.0899281 0.0899281 0.844214
51 0.577338 0.706835 0.0899281 0.0899281 0.871855
21 0.561151 0.791367 0.0935252 0.0863309 0.891178
27 0.735611 0.839928 0.0899281 0.0899281 0.893118
46 0.464029 0.131295 0.0935252 0.0899281 0.899269
17 0.194245 0.758993 0.0935252 0.0935252 0.903917
71 0.584532 0.0845324 0.0899281 0.0899281 0.910577
128 0.746403 0.564748 0.0899281 0.0935252 0.925112
