67 0.692446 0.769784 0.0899281 0.0863309 0.715931
67 0.715827 0.72482 0.0863309 0.0899281 0.760399
48 0.566547 0.489209 0.0899281 0.0863309 0.763376
71 0.692446 0.769784 0.0899281 0.0863309 0.850465
53 0.185252 0.152878 0.0899281 0.0899281 0.858524
17 0.0827338 0.874101 0.0863309 0.0935252 0.883439
27 0.469424 0.539568 0.0899281 0.0935252 0.88404
21 0.267986 0.688849 0.0899281 0.0899281 0.891976
51 0.507194 0.593525 0.0935252 0.0935252 0.896537
46 0.728417 0.868705 0.0899281 0.0899281 0.899879
128 0.616906 0.613309 0.0899281 0.0899281 0.923069
