67 0.501799 0.636691 0.0899281 0.0935252 0.782309
48 0.861511 0.600719 0.0899281 0.0935252 0.799054
21 0.181655 0.440647 0.0899281 0.0899281 0.879118
27 0.794964 0.877698 0.0935252 0.0935252 0.881372
17 0.44964 0.519784 0.0791367 0.0899281 0.882428
46 0.138489 0.811151 0.0899281 0.0899281 0.885965
51 0.408273 0.597122 0.0899281 0.0935252 0.898046
53 0.521583 0.514389 0.0935252 0.0935252 0.902351
71 0.528777 0.0971223 0.0935252 0.0935252 0.920494
128 0.534173 0.746403 0.0899281 0.0899281 0.923914
