48 0.505396 0.476619 0.0899281 0.0899281 0.838201
67 0.660072 0.47482 0.0899281 0.0935252 0.842761
21 0.181655 0.886691 0.0899281 0.0899281 0.878434
51 0.498201 0.665468 0.0899281 0.0935252 0.881962
53 0.255396 0.116906 0.0935252 0.0899281 0.885698
17 0.613309 0.811151 0.0899281 0.0899281 0.887734
46 0.267986 0.296763 0.0899281 0.0899281 0.890129
27 0.435252 0.564748 0.0935252 0.0935252 0.901089
71 0.811151 0.789568 0.0899281 0.0899281 0.916717
128 0.602518 0.404676 0.0899281 0.0899281 0.921463
