48 0.681655 0.27518 0.0899281 0.0899281 0.717797
21 0.728417 0.679856 0.0899281 0.0935252 0.730732
46 0.748201 0.845324 0.0935252 0.0935252 0.790098
67 0.715827 0.422662 0.0935252 0.0899281 0.844109
53 0.0989209 0.143885 0.0899281 0.0935252 0.874919
51 0.652878 0.503597 0.0899281 0.0935252 0.891061
128 0.559353 0.361511 0.0899281 0.0899281 0.892648
17 0.142086 0.246403 0.0899281 0.0899281 0.895382
27 0.602518 0.419065 0.0899281 0.0899281 0.908226
71 0.857914 0.102518 0.0899281 0.0899281 0.924811
