48 0.870504 0.541367 0.0863309 0.0899281 0.765098
53 0.920863 0.0755396 0.0719424 0.0719424 0.848091
67 0.706835 0.415468 0.0899281 0.0899281 0.850489
21 0.43705 0.757194 0.0899281 0.0899281 0.878746
27 0.634892 0.848921 0.0899281 0.0935252 0.886166
51 0.514389 0.701439 0.0863309 0.0935252 0.89576
17 0.113309 0.83813 0.0899281 0.0935252 0.897398
46 0.456835 0.145683 0.0935252 0.0899281 0.904034
128 0.789568 0.435252 0.0899281 0.0935252 0.920365
71 0.602518 0.0917266 0.0899281 0.0899281 0.928863
