51 0.604317 0.715827 0.0863309 0.0935252 0.671224
48 0.857914 0.638489 0.0899281 0.0899281 0.733401
53 0.208633 0.172662 0.0863309 0.0863309 0.791802
67 0.744604 0.591727 0.0935252 0.0899281 0.848864
21 0.361511 0.491007 0.0899281 0.0899281 0.880514
27 0.766187 0.830935 0.0935252 0.0935252 0.892513
17 0.143885 0.169065 0.0791367 0.0935252 0.897822
46 0.444245 0.431655 0.0899281 0.0935252 0.898549
71 0.557554 0.476619 0.0935252 0.0899281 0.918304
128 0.739209 0.694245 0.0899281 0.0935252 0.924844
