48 0.872302 0.383094 0.0899281 0.0899281 0.746647
17 0.415468 0.582734 0.0899281 0.0935252 0.842949
67 0.807554 0.118705 0.0899281 0.0935252 0.849379
53 0.19964 0.169065 0.0899281 0.0935252 0.863803
21 0.246403 0.893885 0.0899281 0.0899281 0.865691
51 0.735611 0.690647 0.0899281 0.0935252 0.888265
27 0.807554 0.802158 0.0899281 0.0935252 0.893354
46 0.0791367 0.868705 0.0791367 0.0899281 0.901145
71 0.627698 0.410072 0.0899281 0.0935252 0.924318
128 0.757194 0.334532 0.0899281 0.0935252 0.92499
