48 0.559353 0.433453 0.0899281 0.0899281 0.725513
67 0.715827 0.433453 0.0935252 0.0899281 0.838552
53 0.307554 0.136691 0.0899281 0.0863309 0.854423
46 0.246403 0.393885 0.0899281 0.0899281 0.877584
27 0.384892 0.627698 0.0935252 0.0899281 0.889564
21 0.0899281 0.915468 0.0935252 0.0899281 0.889707
17 0.530576 0.845324 0.0899281 0.0935252 0.893675
51 0.411871 0.73741 0.0899281 0.0935252 0.893876
71 0.807554 0.785971 0.0899281 0.0899281 0.921987
128 0.679856 0.327338 0.0935252 0.0935252 0.926182
