21 0.83813 0.811151 0.0863309 0.0899281 0.507231
103 0.282374 0.170863 0.0899281 0.0899281 0.682851
48 0.836331 0.811151 0.0899281 0.0899281 0.711175
131 0.282374 0.170863 0.0899281 0.0899281 0.768884
44 0.618705 0.392086 0.0935252 0.0935252 0.769742
67 0.732014 0.660072 0.0899281 0.0899281 0.794319
14 0.773381 0.859712 0.0935252 0.0935252 0.811177
21 0.111511 0.203237 0.0935252 0.0899281 0.896348
71 0.471223 0.508993 0.0935252 0.0899281 0.919415
128 0.773381 0.766187 0.0935252 0.0935252 0.9258
