136 0.757194 0.178058 0.0899281 0.0899281 0.812397
67 0.498201 0.280576 0.0899281 0.0935252 0.834085
8 0.0791367 0.920863 0.0719424 0.0719424 0.839115
105 0.469424 0.875899 0.0899281 0.0971223 0.852645
87 0.170863 0.347122 0.0899281 0.0899281 0.873
86 0.444245 0.357914 0.0899281 0.0899281 0.883903
51 0.303957 0.503597 0.0899281 0.0935252 0.896547
31 0.388489 0.868705 0.0863309 0.0899281 0.902665
101 0.678058 0.133094 0.0899281 0.0935252 0.913243
128 0.66187 0.267986 0.0935252 0.0899281 0.928314
