136 0.742806 0.196043 0.0899281 0.0899281 0.788723
67 0.521583 0.280576 0.0935252 0.0935252 0.833804
105 0.478417 0.870504 0.0935252 0.0935252 0.846649
8 0.0773381 0.919065 0.0755396 0.0755396 0.848963
87 0.181655 0.343525 0.0899281 0.0899281 0.877613
51 0.321942 0.489209 0.0899281 0.0935252 0.882088
86 0.458633 0.348921 0.0899281 0.0935252 0.888252
31 0.406475 0.874101 0.0791367 0.0935252 0.908799
101 0.656475 0.136691 0.0899281 0.0935252 0.924554
128 0.663669 0.267986 0.0899281 0.0899281 0.92632
