136 0.922662 0.0773381 0.0755396 0.0755396 0.783413
105 0.415468 0.442446 0.0899281 0.0935252 0.830445
67 0.634892 0.683453 0.0899281 0.0935252 0.844882
87 0.124101 0.534173 0.0899281 0.0899281 0.853369
8 0.386691 0.904676 0.0899281 0.0899281 0.859984
51 0.303957 0.723022 0.0899281 0.0935252 0.882195
86 0.122302 0.285971 0.0935252 0.0899281 0.896028
31 0.368705 0.404676 0.0899281 0.0827338 0.913854
128 0.796763 0.866906 0.0899281 0.0935252 0.924154
101 0.244604 0.255396 0.0935252 0.0935252 0.930604
