67 0.690647 0.491007 0.0863309 0.0899281 0.693927
136 0.890288 0.426259 0.0899281 0.0899281 0.808045
105 0.553957 0.573741 0.0935252 0.0827338 0.821121
87 0.219424 0.255396 0.0935252 0.0935252 0.837784
8 0.624101 0.746403 0.0827338 0.0899281 0.856885
51 0.546763 0.741007 0.0863309 0.0935252 0.893761
86 0.471223 0.769784 0.0935252 0.0863309 0.895062
128 0.809353 0.586331 0.0935252 0.0935252 0.901917
31 0.465827 0.658273 0.0899281 0.0935252 0.905783
101 0.293165 0.206835 0.0899281 0.0899281 0.907056
