8 0.773381 0.856115 0.0791367 0.0863309 0.59132
136 0.814748 0.778777 0.0899281 0.0899281 0.777419
87 0.205036 0.230216 0.0935252 0.0863309 0.810958
105 0.543165 0.483813 0.0935252 0.0899281 0.825706
67 0.789568 0.532374 0.0899281 0.0935252 0.859112
51 0.721223 0.847122 0.0899281 0.0899281 0.868931
86 0.514389 0.343525 0.0935252 0.0899281 0.879889
31 0.460432 0.435252 0.0863309 0.0863309 0.904011
128 0.69964 0.771583 0.0899281 0.0899281 0.921254
101 0.185252 0.172662 0.0899281 0.0935252 0.921848
