136 0.728417 0.21223 0.0899281 0.0863309 0.549481
86 0.473022 0.336331 0.0827338 0.0899281 0.742604
67 0.523381 0.305755 0.0899281 0.0935252 0.783408
105 0.492806 0.866906 0.0935252 0.0935252 0.843009
8 0.0773381 0.919065 0.0755396 0.0755396 0.848984
87 0.19964 0.334532 0.0899281 0.0935252 0.860874
31 0.431655 0.875899 0.0791367 0.0899281 0.886988
51 0.330935 0.471223 0.0935252 0.0935252 0.887355
101 0.631295 0.138489 0.0899281 0.0899281 0.916963
128 0.663669 0.267986 0.0899281 0.0899281 0.925223
