51 0.660072 0.624101 0.0899281 0.0899281 0.50984
136 0.77518 0.802158 0.0899281 0.0791367 0.774129
87 0.203237 0.172662 0.0899281 0.0791367 0.77473
67 0.883094 0.152878 0.0899281 0.0899281 0.841486
8 0.694245 0.874101 0.0935252 0.0935252 0.850548
31 0.0773381 0.920863 0.0683453 0.0719424 0.851617
105 0.564748 0.447842 0.0935252 0.0899281 0.852692
86 0.615108 0.598921 0.0863309 0.0899281 0.860672
101 0.226619 0.131295 0.0935252 0.0899281 0.921538
128 0.77518 0.728417 0.0899281 0.0899281 0.922401
