136 0.874101 0.494604 0.0935252 0.0899281 0.776374
67 0.681655 0.491007 0.0899281 0.0899281 0.793479
105 0.571942 0.456835 0.0935252 0.0935252 0.796432
8 0.778777 0.803957 0.0899281 0.0899281 0.847569
87 0.22482 0.151079 0.0899281 0.0935252 0.872494
128 0.642086 0.593525 0.0899281 0.0935252 0.890234
51 0.57554 0.679856 0.0935252 0.0935252 0.894095
31 0.482014 0.544964 0.0935252 0.0899281 0.901439
86 0.492806 0.634892 0.0935252 0.0899281 0.905799
101 0.543165 0.104317 0.0935252 0.0935252 0.914816
