105 0.553957 0.607914 0.0935252 0.0935252 0.721016
136 0.893885 0.384892 0.0899281 0.0935252 0.751718
67 0.685252 0.496403 0.0899281 0.0935252 0.770256
87 0.221223 0.258993 0.0899281 0.0935252 0.83029
51 0.570144 0.715827 0.0899281 0.0935252 0.851088
8 0.656475 0.751799 0.0899281 0.0935252 0.869857
86 0.482014 0.760791 0.0935252 0.0899281 0.906727
101 0.302158 0.223022 0.0935252 0.0935252 0.909546
31 0.505396 0.660072 0.0899281 0.0899281 0.919163
128 0.798561 0.56295 0.0935252 0.0899281 0.928282
