31 0.523381 0.652878 0.0827338 0.0899281 0.620124
136 0.895683 0.365108 0.0935252 0.0899281 0.800141
105 0.55036 0.609712 0.0863309 0.0899281 0.818736
87 0.221223 0.258993 0.0899281 0.0935252 0.826729
67 0.670863 0.507194 0.0899281 0.0935252 0.841633
8 0.676259 0.755396 0.0935252 0.0935252 0.863359
86 0.501799 0.753597 0.0827338 0.0899281 0.881565
51 0.561151 0.730216 0.0935252 0.0935252 0.890399
101 0.307554 0.22482 0.0899281 0.0899281 0.915072
128 0.782374 0.553957 0.0899281 0.0935252 0.923932
