67 0.728417 0.516187 0.0899281 0.0827338 0.600521
128 0.733813 0.52518 0.0935252 0.0935252 0.632039
105 0.721223 0.305755 0.0899281 0.0935252 0.726992
136 0.850719 0.73741 0.0899281 0.0935252 0.800008
8 0.785971 0.823741 0.0899281 0.0863309 0.851331
86 0.253597 0.53777 0.0899281 0.0899281 0.892383
31 0.528777 0.465827 0.0935252 0.0899281 0.895143
51 0.564748 0.658273 0.0935252 0.0935252 0.901977
101 0.267986 0.142086 0.0899281 0.0899281 0.920101
128 0.751799 0.564748 0.0935252 0.0935252 0.924767
