136 0.868705 0.543165 0.0899281 0.0935252 0.775357
67 0.663669 0.552158 0.0899281 0.0899281 0.813848
105 0.557554 0.478417 0.0935252 0.0935252 0.830939
8 0.785971 0.807554 0.0899281 0.0899281 0.847374
51 0.58813 0.694245 0.0899281 0.0935252 0.851404
87 0.232014 0.151079 0.0899281 0.0935252 0.866329
128 0.624101 0.607914 0.0899281 0.0863309 0.894249
86 0.480216 0.651079 0.0899281 0.0935252 0.898509
31 0.483813 0.548561 0.0899281 0.0899281 0.907682
101 0.478417 0.107914 0.0935252 0.0935252 0.920523
