136 0.773381 0.807554 0.0935252 0.0827338 0.679011
90 0.217626 0.760791 0.0899281 0.0899281 0.791525
67 0.517986 0.276978 0.0935252 0.0935252 0.841714
61 0.744604 0.0809353 0.0935252 0.0827338 0.8692
86 0.248201 0.543165 0.0935252 0.0935252 0.887953
27 0.68705 0.877698 0.0935252 0.0935252 0.890742
51 0.573741 0.624101 0.0899281 0.0899281 0.891343
97 0.920863 0.0773381 0.0719424 0.0755396 0.897842
41 0.156475 0.232014 0.0899281 0.0899281 0.901608
110 0.526978 0.44964 0.0971223 0.0935252 0.921657
