136 0.793165 0.766187 0.0899281 0.0935252 0.790933
61 0.55036 0.0863309 0.0935252 0.0863309 0.840867
67 0.528777 0.347122 0.0935252 0.0899281 0.848303
27 0.679856 0.872302 0.0935252 0.0899281 0.867093
90 0.332734 0.620504 0.0899281 0.0899281 0.874603
41 0.210432 0.350719 0.0899281 0.0899281 0.894779
51 0.633094 0.751799 0.0935252 0.0935252 0.902028
110 0.483813 0.508993 0.0899281 0.0899281 0.906633
97 0.901079 0.282374 0.0899281 0.0899281 0.909128
86 0.284173 0.557554 0.107914 0.107914 0.923985
