136 0.868705 0.78777 0.0899281 0.0935252 0.793438
63 0.073741 0.919065 0.0683453 0.0827338 0.801558
67 0.577338 0.305755 0.0899281 0.0935252 0.84279
61 0.854317 0.0773381 0.0899281 0.0755396 0.848348
27 0.456835 0.535971 0.0935252 0.0935252 0.881237
86 0.571942 0.796763 0.0935252 0.0899281 0.882139
51 0.732014 0.676259 0.0899281 0.0935252 0.885534
41 0.505396 0.884892 0.0899281 0.0863309 0.895148
97 0.872302 0.44964 0.0899281 0.0935252 0.905148
110 0.640288 0.366906 0.0935252 0.0935252 0.914082
