61 0.735611 0.0881295 0.0899281 0.0899281 0.532154
63 0.0809353 0.908273 0.0827338 0.0899281 0.575447
136 0.845324 0.791367 0.0935252 0.0935252 0.761965
67 0.516187 0.352518 0.0899281 0.0935252 0.834058
27 0.377698 0.566547 0.0935252 0.0899281 0.874989
41 0.600719 0.879496 0.0935252 0.0899281 0.891533
51 0.753597 0.597122 0.0899281 0.0935252 0.89568
86 0.564748 0.796763 0.0935252 0.0899281 0.896561
110 0.584532 0.422662 0.0899281 0.0899281 0.90534
97 0.863309 0.557554 0.0935252 0.0935252 0.906501
