149 0.755396 0.692446 0.0863309 0.0899281 0.65566
67 0.176259 0.440647 0.0791367 0.0899281 0.802361
136 0.456835 0.480216 0.0863309 0.0899281 0.822143
61 0.883094 0.679856 0.0899281 0.0935252 0.86584
86 0.115108 0.816547 0.0935252 0.0935252 0.884439
27 0.384892 0.611511 0.0935252 0.0935252 0.886091
41 0.073741 0.922662 0.0683453 0.0755396 0.886113
51 0.143885 0.543165 0.0935252 0.0935252 0.896974
110 0.230216 0.232014 0.0935252 0.0899281 0.908268
97 0.248201 0.429856 0.0863309 0.0899281 0.914907
