24 0.336331 0.579137 0.0899281 0.0935252 0.760841
136 0.832734 0.764389 0.0899281 0.0899281 0.796293
67 0.521583 0.363309 0.0935252 0.0935252 0.822466
61 0.480216 0.0917266 0.0899281 0.0899281 0.853416
27 0.692446 0.872302 0.0899281 0.0899281 0.876566
86 0.278777 0.557554 0.0899281 0.0935252 0.895701
51 0.670863 0.771583 0.0899281 0.0899281 0.89777
41 0.232014 0.393885 0.0899281 0.0899281 0.898703
110 0.473022 0.523381 0.0899281 0.0899281 0.903976
97 0.893885 0.336331 0.0899281 0.0899281 0.906528
