63 0.0827338 0.915468 0.0791367 0.0827338 0.708292
136 0.863309 0.791367 0.0935252 0.0935252 0.793771
67 0.534173 0.368705 0.0899281 0.0899281 0.830251
61 0.780576 0.0827338 0.0935252 0.0863309 0.846566
27 0.413669 0.544964 0.0935252 0.0899281 0.880395
51 0.739209 0.640288 0.0899281 0.0935252 0.881624
86 0.570144 0.80036 0.0899281 0.0899281 0.90568
41 0.552158 0.883094 0.0899281 0.0899281 0.907188
97 0.868705 0.505396 0.0899281 0.0899281 0.908985
110 0.607914 0.401079 0.0935252 0.0899281 0.914121
