149 0.31295 0.665468 0.0935252 0.0935252 0.706711
136 0.796763 0.809353 0.0899281 0.0935252 0.775902
61 0.593525 0.0845324 0.0935252 0.0899281 0.841161
67 0.534173 0.356115 0.0899281 0.0935252 0.867653
41 0.169065 0.347122 0.0935252 0.0899281 0.894213
27 0.683453 0.884892 0.0935252 0.0935252 0.894514
51 0.580935 0.732014 0.0899281 0.0899281 0.896992
86 0.284173 0.557554 0.0935252 0.0935252 0.898168
110 0.483813 0.508993 0.0899281 0.0899281 0.903049
97 0.908273 0.226619 0.0899281 0.0935252 0.909932
