136 0.802158 0.823741 0.0935252 0.0935252 0.809208
112 0.122302 0.321942 0.0935252 0.0755396 0.833862
67 0.523381 0.44964 0.0899281 0.0935252 0.843982
61 0.124101 0.255396 0.0899281 0.0935252 0.876063
27 0.726619 0.874101 0.0935252 0.0935252 0.885307
86 0.336331 0.519784 0.0899281 0.0899281 0.892136
41 0.176259 0.82554 0.0863309 0.0899281 0.896291
51 0.579137 0.758993 0.0935252 0.0935252 0.902761
110 0.465827 0.539568 0.0899281 0.0935252 0.909086
97 0.678058 0.642086 0.0899281 0.0899281 0.912836
