149 0.397482 0.735611 0.0899281 0.0899281 0.504082
136 0.597122 0.399281 0.0935252 0.0935252 0.645042
67 0.766187 0.503597 0.0935252 0.0935252 0.846857
61 0.383094 0.267986 0.0899281 0.0899281 0.847935
51 0.429856 0.561151 0.0899281 0.0935252 0.869539
86 0.469424 0.251799 0.0899281 0.0935252 0.890363
27 0.241007 0.769784 0.0935252 0.0935252 0.892672
41 0.242806 0.134892 0.0899281 0.0899281 0.900677
97 0.678058 0.638489 0.0899281 0.0899281 0.909766
110 0.491007 0.476619 0.0899281 0.0899281 0.915096
