90 0.0989209 0.809353 0.0899281 0.0863309 0.532566
136 0.82554 0.802158 0.0899281 0.0935252 0.806143
67 0.526978 0.366906 0.0899281 0.0935252 0.823814
61 0.663669 0.0953237 0.0899281 0.0899281 0.871531
86 0.584532 0.807554 0.0899281 0.0899281 0.880938
27 0.307554 0.579137 0.0899281 0.0935252 0.887579
51 0.728417 0.649281 0.0899281 0.0899281 0.891925
41 0.670863 0.872302 0.0899281 0.0899281 0.907564
97 0.854317 0.642086 0.0899281 0.0899281 0.907966
110 0.559353 0.44964 0.0899281 0.0935252 0.91704
