136 0.708633 0.30036 0.0935252 0.0899281 0.765486
67 0.548561 0.327338 0.0899281 0.0935252 0.850147
61 0.832734 0.818345 0.0899281 0.0899281 0.854221
24 0.769784 0.823741 0.0791367 0.0935252 0.855038
27 0.124101 0.875899 0.0899281 0.0899281 0.891341
86 0.435252 0.354317 0.0935252 0.0899281 0.895042
41 0.178058 0.219424 0.0899281 0.0935252 0.897262
110 0.607914 0.0953237 0.0935252 0.0899281 0.897756
51 0.415468 0.535971 0.0899281 0.0935252 0.898932
97 0.57554 0.419065 0.0935252 0.0899281 0.907998
