67 0.17446 0.440647 0.0827338 0.0899281 0.673618
136 0.465827 0.485611 0.0899281 0.0935252 0.807866
90 0.753597 0.678058 0.0899281 0.0899281 0.813812
61 0.888489 0.688849 0.0935252 0.0899281 0.865028
86 0.140288 0.796763 0.0935252 0.0899281 0.887949
27 0.386691 0.602518 0.0899281 0.0899281 0.895622
41 0.0881295 0.913669 0.0899281 0.0863309 0.896601
51 0.142086 0.571942 0.0899281 0.0935252 0.90137
110 0.241007 0.242806 0.0935252 0.0899281 0.909642
97 0.232014 0.404676 0.0899281 0.0899281 0.911033
