63 0.0827338 0.915468 0.0791367 0.0827338 0.694571
136 0.847122 0.794964 0.0899281 0.0935252 0.753654
61 0.758993 0.0845324 0.0935252 0.0899281 0.851668
67 0.532374 0.363309 0.0935252 0.0935252 0.853945
27 0.392086 0.552158 0.0935252 0.0899281 0.885761
51 0.742806 0.615108 0.0899281 0.0935252 0.888234
86 0.568345 0.796763 0.0935252 0.0899281 0.895542
97 0.866906 0.532374 0.0935252 0.0935252 0.902968
41 0.57554 0.879496 0.0935252 0.0899281 0.91185
110 0.589928 0.415468 0.0935252 0.0899281 0.912259
