90 0.0989209 0.845324 0.0899281 0.0863309 0.526348
136 0.830935 0.80036 0.0935252 0.0899281 0.799207
67 0.516187 0.363309 0.0899281 0.0935252 0.848943
51 0.733813 0.618705 0.0863309 0.0935252 0.869131
61 0.68705 0.0917266 0.0935252 0.0899281 0.874048
27 0.314748 0.566547 0.0899281 0.0899281 0.875631
41 0.645683 0.874101 0.0899281 0.0935252 0.897235
86 0.571942 0.803957 0.0935252 0.0899281 0.900515
97 0.859712 0.613309 0.0935252 0.0899281 0.902198
110 0.566547 0.447842 0.0899281 0.0899281 0.922256
