90 0.336331 0.505396 0.0899281 0.0899281 0.720783
67 0.526978 0.356115 0.0899281 0.0935252 0.824009
136 0.854317 0.735611 0.0899281 0.0899281 0.828807
61 0.406475 0.0989209 0.0935252 0.0899281 0.863522
27 0.714029 0.843525 0.0899281 0.0899281 0.885764
51 0.735611 0.744604 0.0899281 0.0935252 0.898029
41 0.241007 0.460432 0.0935252 0.0863309 0.899108
86 0.284173 0.559353 0.0935252 0.0899281 0.901525
110 0.464029 0.519784 0.0935252 0.0899281 0.907693
97 0.883094 0.419065 0.0899281 0.0899281 0.909842
