149 0.073741 0.922662 0.0683453 0.0755396 0.634056
136 0.870504 0.785971 0.0935252 0.0899281 0.800294
61 0.865108 0.0773381 0.0899281 0.0755396 0.838648
67 0.58813 0.282374 0.0899281 0.0899281 0.842878
27 0.480216 0.530576 0.0899281 0.0899281 0.880857
51 0.717626 0.701439 0.0899281 0.0935252 0.886772
86 0.602518 0.82554 0.0899281 0.0899281 0.889291
41 0.483813 0.886691 0.0899281 0.0899281 0.899065
110 0.658273 0.348921 0.0935252 0.0935252 0.903129
97 0.875899 0.420863 0.0899281 0.0935252 0.909292
