136 0.652878 0.348921 0.0899281 0.0935252 0.781218
61 0.818345 0.814748 0.0899281 0.0899281 0.784603
67 0.526978 0.330935 0.0899281 0.0935252 0.802127
149 0.757194 0.820144 0.0755396 0.0935252 0.853995
27 0.210432 0.821942 0.0899281 0.0899281 0.882954
51 0.444245 0.478417 0.0899281 0.0935252 0.886646
86 0.433453 0.267986 0.0899281 0.0899281 0.886654
110 0.535971 0.102518 0.0935252 0.0899281 0.899816
41 0.226619 0.170863 0.0935252 0.0899281 0.904756
97 0.573741 0.411871 0.0899281 0.0899281 0.91619
