21 0.629496 0.413669 0.0863309 0.0863309 0.579238
148 0.230216 0.482014 0.0935252 0.0935252 0.82628
67 0.899281 0.246403 0.0863309 0.0899281 0.826358
61 0.429856 0.893885 0.0899281 0.0899281 0.867569
41 0.917266 0.0899281 0.0791367 0.0863309 0.871948
12 0.393885 0.476619 0.0899281 0.0899281 0.88007
121 0.102518 0.467626 0.0899281 0.0935252 0.887745
7 0.422662 0.580935 0.0899281 0.0899281 0.890806
122 0.785971 0.167266 0.0899281 0.0899281 0.899177
128 0.571942 0.406475 0.100719 0.107914 0.903994
