48 0.908273 0.278777 0.0899281 0.0899281 0.538429
67 0.875899 0.679856 0.0899281 0.0935252 0.819982
148 0.57554 0.794964 0.0935252 0.0935252 0.868564
121 0.465827 0.510791 0.0899281 0.0935252 0.877826
12 0.784173 0.730216 0.100719 0.100719 0.887591
61 0.0881295 0.314748 0.0971223 0.0971223 0.892367
122 0.766187 0.26259 0.0935252 0.0935252 0.897153
7 0.872302 0.778777 0.0971223 0.0971223 0.897295
41 0.156475 0.232014 0.0899281 0.0899281 0.903867
128 0.879496 0.519784 0.0899281 0.0899281 0.924118
