12 0.559353 0.652878 0.0971223 0.0971223 0.747667
48 0.764389 0.872302 0.0899281 0.0899281 0.772999
67 0.438849 0.343525 0.0863309 0.0899281 0.778963
148 0.363309 0.377698 0.0863309 0.0863309 0.831152
61 0.226619 0.167266 0.0935252 0.0899281 0.872786
121 0.455036 0.517986 0.0899281 0.0935252 0.882023
122 0.517986 0.334532 0.0935252 0.0935252 0.898422
41 0.32554 0.106115 0.0899281 0.0899281 0.904572
7 0.701439 0.895683 0.0863309 0.0935252 0.908057
128 0.697842 0.771583 0.0935252 0.0899281 0.921421
