121 0.442446 0.670863 0.0863309 0.0899281 0.774791
48 0.543165 0.307554 0.0935252 0.0899281 0.798323
148 0.151079 0.753597 0.0863309 0.0899281 0.813861
67 0.681655 0.631295 0.0899281 0.0899281 0.848936
61 0.140288 0.645683 0.0935252 0.0899281 0.883737
12 0.483813 0.638489 0.0899281 0.0899281 0.885417
41 0.721223 0.717626 0.0899281 0.0899281 0.896629
7 0.323741 0.58813 0.0863309 0.0899281 0.901078
122 0.591727 0.564748 0.0899281 0.0935252 0.902472
128 0.886691 0.0773381 0.0899281 0.0755396 0.911877
