21 0.82554 0.80036 0.0899281 0.0899281 0.60404
148 0.397482 0.501799 0.0899281 0.0899281 0.655654
48 0.823741 0.802158 0.0935252 0.0935252 0.786705
67 0.32554 0.384892 0.0899281 0.0935252 0.827335
12 0.667266 0.859712 0.0899281 0.0935252 0.849615
61 0.127698 0.267986 0.0899281 0.0899281 0.868712
121 0.0755396 0.919065 0.0647482 0.0755396 0.874517
41 0.26259 0.363309 0.0863309 0.0935252 0.889233
122 0.67446 0.284173 0.0899281 0.0935252 0.900232
7 0.717626 0.820144 0.0899281 0.0935252 0.920277
128 0.758993 0.703237 0.0935252 0.0899281 0.923588
