48 0.591727 0.366906 0.0899281 0.0863309 0.800471
67 0.80036 0.543165 0.0899281 0.0935252 0.848255
148 0.264389 0.694245 0.0899281 0.0935252 0.852063
12 0.526978 0.613309 0.0899281 0.0899281 0.856853
61 0.142086 0.505396 0.0899281 0.0899281 0.876843
7 0.332734 0.584532 0.0899281 0.0899281 0.884715
121 0.530576 0.744604 0.0899281 0.0935252 0.891938
41 0.679856 0.782374 0.0935252 0.0899281 0.901102
122 0.51259 0.47482 0.0899281 0.0863309 0.903384
128 0.706835 0.172662 0.0971223 0.0935252 0.926714
