81 0.426259 0.548561 0.0899281 0.0899281 0.58922
121 0.426259 0.548561 0.0971223 0.0971223 0.676231
48 0.854317 0.656475 0.0899281 0.0899281 0.796809
148 0.124101 0.517986 0.0899281 0.0935252 0.819349
67 0.906475 0.0809353 0.0935252 0.0755396 0.829675
61 0.0845324 0.875899 0.0755396 0.0899281 0.850527
12 0.30036 0.789568 0.0899281 0.0899281 0.880626
122 0.541367 0.564748 0.104317 0.107914 0.893396
7 0.138489 0.913669 0.0899281 0.0863309 0.893897
128 0.634892 0.564748 0.0899281 0.0935252 0.923998
