48 0.742806 0.843525 0.0899281 0.0899281 0.750433
148 0.260791 0.469424 0.0899281 0.0899281 0.846724
67 0.685252 0.192446 0.0899281 0.0899281 0.851813
121 0.508993 0.503597 0.0899281 0.0935252 0.863322
61 0.131295 0.516187 0.0899281 0.0899281 0.870256
12 0.517986 0.649281 0.0935252 0.0899281 0.871284
7 0.498201 0.881295 0.0899281 0.0935252 0.895134
122 0.82554 0.160072 0.0899281 0.0899281 0.898115
41 0.701439 0.0935252 0.0863309 0.0863309 0.907679
128 0.708633 0.739209 0.0935252 0.0899281 0.925133
