48 0.721223 0.875899 0.0899281 0.0899281 0.718804
148 0.248201 0.47482 0.0935252 0.0935252 0.825727
67 0.631295 0.241007 0.0899281 0.0935252 0.842339
61 0.131295 0.51259 0.0899281 0.0899281 0.862244
121 0.491007 0.492806 0.0899281 0.0935252 0.882615
12 0.577338 0.667266 0.0899281 0.0899281 0.882933
7 0.564748 0.879496 0.0935252 0.0899281 0.892902
122 0.78777 0.219424 0.0935252 0.0935252 0.896431
41 0.636691 0.0989209 0.0863309 0.0899281 0.898537
128 0.696043 0.766187 0.0899281 0.0935252 0.923779
