48 0.528777 0.485611 0.0935252 0.0935252 0.65355
148 0.192446 0.442446 0.0899281 0.0935252 0.817376
67 0.881295 0.381295 0.0935252 0.0935252 0.838846
121 0.120504 0.471223 0.0899281 0.0935252 0.866499
61 0.555755 0.883094 0.0899281 0.0899281 0.876547
7 0.138489 0.827338 0.0899281 0.0935252 0.886653
12 0.395683 0.478417 0.0935252 0.0935252 0.887061
122 0.696043 0.260791 0.0899281 0.0899281 0.891876
41 0.901079 0.255396 0.0899281 0.0935252 0.90437
128 0.566547 0.419065 0.0899281 0.0899281 0.922684
