48 0.523381 0.491007 0.0899281 0.0899281 0.722872
148 0.194245 0.444245 0.0863309 0.0899281 0.737469
67 0.872302 0.429856 0.0899281 0.0899281 0.832633
121 0.124101 0.42446 0.0899281 0.0935252 0.851644
61 0.624101 0.879496 0.0899281 0.0899281 0.870599
12 0.397482 0.476619 0.0899281 0.0899281 0.883344
7 0.183453 0.793165 0.0863309 0.0899281 0.888702
122 0.670863 0.296763 0.0899281 0.0899281 0.900972
41 0.893885 0.311151 0.0899281 0.0899281 0.902259
128 0.564748 0.428058 0.0935252 0.0935252 0.92542
