48 0.521583 0.491007 0.0935252 0.0899281 0.578618
148 0.196043 0.442446 0.0827338 0.0935252 0.747979
67 0.879496 0.406475 0.0899281 0.0935252 0.833136
121 0.122302 0.44964 0.0863309 0.0935252 0.861755
61 0.593525 0.881295 0.0935252 0.0935252 0.866024
7 0.165468 0.814748 0.0863309 0.0899281 0.891754
122 0.681655 0.276978 0.0899281 0.0935252 0.891836
12 0.395683 0.478417 0.0935252 0.0935252 0.894627
41 0.899281 0.284173 0.0863309 0.0935252 0.900582
128 0.564748 0.426259 0.0935252 0.0899281 0.925451
