103 0.728417 0.879496 0.0899281 0.0827338 0.809326
148 0.476619 0.622302 0.0899281 0.0935252 0.830248
61 0.145683 0.803957 0.0899281 0.0899281 0.852856
67 0.624101 0.566547 0.0899281 0.0899281 0.859355
121 0.636691 0.884892 0.0863309 0.0935252 0.877857
122 0.692446 0.491007 0.0899281 0.0899281 0.883904
12 0.192446 0.843525 0.0899281 0.0899281 0.886019
128 0.751799 0.836331 0.0935252 0.0899281 0.893881
7 0.496403 0.485611 0.0863309 0.0935252 0.898616
41 0.480216 0.106115 0.0899281 0.0899281 0.902947
