48 0.726619 0.886691 0.0935252 0.0899281 0.792623
67 0.591727 0.276978 0.0827338 0.0935252 0.838223
148 0.233813 0.485611 0.0935252 0.0935252 0.853611
61 0.131295 0.521583 0.0899281 0.0935252 0.854544
121 0.51259 0.480216 0.0899281 0.0899281 0.876189
12 0.606115 0.714029 0.0899281 0.0899281 0.894088
122 0.757194 0.253597 0.0899281 0.0899281 0.896889
7 0.613309 0.883094 0.0899281 0.0899281 0.898008
41 0.591727 0.106115 0.0899281 0.0899281 0.907784
128 0.742806 0.758993 0.0899281 0.0863309 0.920898
