67 0.359712 0.429856 0.0863309 0.0899281 0.673631
48 0.879496 0.508993 0.0899281 0.0899281 0.730072
148 0.21223 0.451439 0.0935252 0.0899281 0.82947
61 0.163669 0.242806 0.0899281 0.0899281 0.861414
121 0.379496 0.579137 0.0899281 0.0935252 0.871173
12 0.850719 0.82554 0.0899281 0.0899281 0.876969
7 0.0773381 0.920863 0.0683453 0.0791367 0.89519
41 0.140288 0.156475 0.0935252 0.0899281 0.897849
122 0.440647 0.544964 0.0899281 0.0899281 0.912026
128 0.852518 0.714029 0.0935252 0.0899281 0.928118
