48 0.580935 0.347122 0.0899281 0.0899281 0.809374
67 0.811151 0.553957 0.0899281 0.0935252 0.848269
148 0.242806 0.69964 0.0899281 0.0899281 0.851023
61 0.142086 0.528777 0.0899281 0.0935252 0.865519
12 0.530576 0.640288 0.0899281 0.0935252 0.885803
121 0.514389 0.744604 0.0935252 0.0935252 0.888617
7 0.320144 0.580935 0.0935252 0.0899281 0.901233
41 0.681655 0.766187 0.0899281 0.0935252 0.90193
122 0.517986 0.478417 0.0935252 0.0935252 0.904243
128 0.733813 0.156475 0.0863309 0.0899281 0.91899
