48 0.544964 0.323741 0.0899281 0.0863309 0.749708
148 0.196043 0.696043 0.0899281 0.0899281 0.81782
67 0.758993 0.586331 0.0935252 0.0935252 0.855491
61 0.142086 0.577338 0.0899281 0.0899281 0.868647
121 0.478417 0.732014 0.0935252 0.0899281 0.877721
12 0.491007 0.645683 0.0899281 0.0899281 0.879168
122 0.543165 0.514389 0.0935252 0.0935252 0.885994
41 0.688849 0.778777 0.0899281 0.0899281 0.890566
7 0.318345 0.584532 0.0899281 0.0899281 0.907282
128 0.791367 0.125899 0.0935252 0.0935252 0.924231
