48 0.404676 0.442446 0.0899281 0.0935252 0.818788
67 0.732014 0.291367 0.0899281 0.0935252 0.835115
148 0.17446 0.875899 0.0899281 0.0899281 0.853613
121 0.507194 0.640288 0.0935252 0.0935252 0.86509
61 0.134892 0.498201 0.0899281 0.0899281 0.868199
12 0.332734 0.514389 0.0899281 0.0935252 0.878816
122 0.879496 0.651079 0.0899281 0.0935252 0.885423
7 0.458633 0.535971 0.0899281 0.0935252 0.89795
41 0.183453 0.384892 0.0935252 0.0935252 0.900297
128 0.541367 0.573741 0.0899281 0.0899281 0.927205
