148 0.356115 0.66187 0.0863309 0.0935252 0.709889
48 0.638489 0.228417 0.0899281 0.0899281 0.793904
61 0.0989209 0.56295 0.0899281 0.0899281 0.830387
67 0.771583 0.399281 0.0899281 0.0935252 0.848424
121 0.390288 0.881295 0.0899281 0.0935252 0.868516
12 0.415468 0.69964 0.0899281 0.0899281 0.884127
41 0.654676 0.681655 0.0863309 0.0899281 0.891213
7 0.217626 0.793165 0.0899281 0.0899281 0.892121
122 0.843525 0.228417 0.0899281 0.0899281 0.899129
128 0.656475 0.523381 0.0899281 0.0971223 0.925493
