122 0.460432 0.507194 0.0791367 0.0935252 0.605334
121 0.46223 0.505396 0.0755396 0.0899281 0.766655
48 0.897482 0.293165 0.0899281 0.0899281 0.815947
148 0.221223 0.456835 0.0899281 0.0935252 0.820717
67 0.532374 0.311151 0.0935252 0.0899281 0.848042
12 0.857914 0.785971 0.0899281 0.0899281 0.883641
61 0.235612 0.253597 0.0899281 0.0899281 0.885
122 0.516187 0.498201 0.0899281 0.0899281 0.889995
41 0.339928 0.138489 0.0899281 0.0899281 0.900802
128 0.875899 0.679856 0.0899281 0.0935252 0.924719
