48 0.728417 0.857914 0.0899281 0.0899281 0.774208
148 0.253597 0.471223 0.0899281 0.0935252 0.827245
67 0.665468 0.206835 0.0935252 0.0899281 0.831102
12 0.544964 0.645683 0.0899281 0.0899281 0.871122
61 0.131295 0.514389 0.0899281 0.0935252 0.875306
122 0.814748 0.178058 0.0899281 0.0899281 0.888873
121 0.505396 0.494604 0.0899281 0.0899281 0.895767
7 0.519784 0.881295 0.0899281 0.0935252 0.897355
41 0.678058 0.0953237 0.0899281 0.0899281 0.919534
128 0.69964 0.764389 0.0899281 0.0899281 0.924209
