148 0.293165 0.701439 0.0827338 0.0935252 0.529545
12 0.361511 0.721223 0.0899281 0.0899281 0.793391
48 0.703237 0.19964 0.0899281 0.0899281 0.808929
67 0.791367 0.343525 0.0863309 0.0899281 0.838752
61 0.109712 0.586331 0.0899281 0.0935252 0.850469
121 0.357914 0.874101 0.0899281 0.0935252 0.879349
122 0.886691 0.136691 0.0899281 0.0935252 0.893234
7 0.154676 0.865108 0.0863309 0.0899281 0.899684
41 0.631295 0.692446 0.0899281 0.0899281 0.901593
128 0.660072 0.442446 0.0899281 0.0935252 0.924593
