48 0.476619 0.458633 0.0899281 0.0899281 0.740845
67 0.73741 0.492806 0.0935252 0.0935252 0.843992
148 0.456835 0.755396 0.0935252 0.0935252 0.84682
61 0.210432 0.464029 0.0899281 0.0935252 0.872484
121 0.530576 0.852518 0.0899281 0.0935252 0.879833
12 0.544964 0.656475 0.0899281 0.0899281 0.885646
7 0.390288 0.582734 0.0899281 0.0863309 0.885888
122 0.428058 0.455036 0.0791367 0.0899281 0.888625
41 0.595324 0.879496 0.0899281 0.0899281 0.907957
128 0.543165 0.320144 0.0935252 0.0935252 0.925504
