48 0.363309 0.429856 0.0935252 0.0899281 0.741055
148 0.113309 0.904676 0.0899281 0.0899281 0.795665
67 0.767986 0.26259 0.0899281 0.0935252 0.827128
61 0.116906 0.492806 0.0899281 0.0935252 0.842348
121 0.46223 0.656475 0.0899281 0.0899281 0.878595
12 0.336331 0.552158 0.0899281 0.0899281 0.889428
7 0.451439 0.557554 0.0899281 0.0935252 0.896857
122 0.875899 0.609712 0.0899281 0.0899281 0.902174
41 0.196043 0.428058 0.0899281 0.0935252 0.909726
128 0.559353 0.534173 0.0899281 0.0899281 0.929536
