48 0.307554 0.447842 0.0899281 0.0899281 0.530872
31 0.309353 0.44964 0.0863309 0.0935252 0.662464
67 0.879496 0.151079 0.0899281 0.0935252 0.818166
41 0.260791 0.458633 0.0755396 0.0899281 0.822689
121 0.347122 0.651079 0.0827338 0.0935252 0.826352
61 0.120504 0.489209 0.0899281 0.0863309 0.845242
12 0.291367 0.670863 0.0863309 0.0899281 0.871471
7 0.386691 0.56295 0.0899281 0.0899281 0.895442
122 0.874101 0.494604 0.0935252 0.0899281 0.897261
128 0.615108 0.422662 0.0935252 0.0899281 0.927849
