48 0.755396 0.836331 0.0863309 0.0899281 0.783898
67 0.705036 0.176259 0.0935252 0.0935252 0.786253
148 0.253597 0.469424 0.0899281 0.0899281 0.845582
61 0.124101 0.535971 0.0899281 0.0935252 0.870494
122 0.836331 0.140288 0.0899281 0.0935252 0.873334
12 0.491007 0.656475 0.0899281 0.0899281 0.882129
121 0.501799 0.492806 0.0899281 0.0935252 0.884353
7 0.473022 0.881295 0.0899281 0.0935252 0.896329
41 0.72482 0.0935252 0.0899281 0.0863309 0.91611
128 0.723022 0.715827 0.0935252 0.0935252 0.92238
