48 0.767986 0.818345 0.0899281 0.0899281 0.600651
67 0.728417 0.163669 0.0899281 0.0899281 0.728943
61 0.122302 0.559353 0.0863309 0.0899281 0.842083
148 0.253597 0.464029 0.0899281 0.0935252 0.853814
12 0.465827 0.660072 0.0899281 0.0899281 0.889645
121 0.516187 0.491007 0.0899281 0.0899281 0.88991
7 0.451439 0.883094 0.0899281 0.0899281 0.903609
122 0.843525 0.118705 0.0899281 0.0935252 0.904553
41 0.748201 0.0899281 0.0863309 0.0863309 0.913568
128 0.728417 0.688849 0.0899281 0.0899281 0.922862
