48 0.543165 0.471223 0.0935252 0.0863309 0.757257
148 0.188849 0.440647 0.0899281 0.0899281 0.807754
67 0.884892 0.356115 0.0863309 0.0935252 0.824392
121 0.127698 0.478417 0.0899281 0.0935252 0.842021
61 0.521583 0.886691 0.0935252 0.0899281 0.866374
122 0.714029 0.242806 0.0899281 0.0899281 0.875945
12 0.397482 0.476619 0.0971223 0.0971223 0.886804
7 0.113309 0.843525 0.0899281 0.0899281 0.89643
41 0.904676 0.22482 0.0899281 0.0899281 0.901466
128 0.573741 0.410072 0.0899281 0.0935252 0.928804
