48 0.467626 0.444245 0.0863309 0.0899281 0.77882
148 0.260791 0.832734 0.0899281 0.0899281 0.822643
67 0.678058 0.343525 0.0899281 0.0899281 0.843443
61 0.178058 0.48741 0.0899281 0.0899281 0.857954
41 0.138489 0.390288 0.0899281 0.0899281 0.871044
7 0.471223 0.52518 0.0863309 0.0863309 0.875033
12 0.397482 0.483813 0.0899281 0.0899281 0.895786
122 0.877698 0.703237 0.0935252 0.0899281 0.898168
121 0.526978 0.606115 0.0899281 0.0899281 0.901989
128 0.552158 0.521583 0.0899281 0.0935252 0.919698
