148 0.354317 0.719424 0.0899281 0.0935252 0.808675
48 0.568345 0.440647 0.0863309 0.0899281 0.829315
61 0.208633 0.460432 0.0935252 0.0935252 0.833523
67 0.794964 0.535971 0.0935252 0.0935252 0.840377
121 0.579137 0.758993 0.0935252 0.0935252 0.883201
12 0.559353 0.660072 0.0899281 0.0899281 0.88947
122 0.48741 0.455036 0.0899281 0.0899281 0.896246
7 0.415468 0.571942 0.0899281 0.0935252 0.897655
41 0.609712 0.821942 0.0899281 0.0899281 0.909298
128 0.624101 0.246403 0.0899281 0.0899281 0.923643
