7 0.676259 0.863309 0.0791367 0.0863309 0.722871
48 0.739209 0.879496 0.0899281 0.0899281 0.746767
148 0.276978 0.564748 0.0935252 0.0935252 0.816291
67 0.534173 0.356115 0.0899281 0.0935252 0.855621
121 0.492806 0.491007 0.0935252 0.0899281 0.857391
61 0.124101 0.514389 0.0899281 0.0935252 0.871193
12 0.681655 0.785971 0.0899281 0.0899281 0.886291
122 0.690647 0.318345 0.0935252 0.0899281 0.900555
41 0.505396 0.113309 0.0899281 0.0899281 0.903092
128 0.77518 0.80036 0.0899281 0.0899281 0.91744
