48 0.541367 0.318345 0.0899281 0.0899281 0.571164
148 0.176259 0.703237 0.0935252 0.0899281 0.81265
67 0.735611 0.600719 0.0899281 0.0935252 0.82498
61 0.142086 0.597122 0.0899281 0.0863309 0.861366
12 0.491007 0.649281 0.0899281 0.0899281 0.871948
121 0.464029 0.715827 0.0935252 0.0935252 0.890106
122 0.559353 0.528777 0.0899281 0.0935252 0.890654
7 0.316547 0.586331 0.0863309 0.0935252 0.898424
41 0.69964 0.757194 0.0899281 0.0899281 0.906091
128 0.823741 0.106115 0.0935252 0.0899281 0.925552
