148 0.221223 0.69964 0.0899281 0.0899281 0.821473
67 0.757194 0.571942 0.0899281 0.0935252 0.827833
48 0.561151 0.336331 0.0935252 0.0899281 0.837115
61 0.142086 0.555755 0.0899281 0.0899281 0.870327
12 0.516187 0.645683 0.0899281 0.0899281 0.884465
121 0.498201 0.746403 0.0899281 0.0899281 0.890901
122 0.526978 0.498201 0.0899281 0.0899281 0.893617
41 0.685252 0.773381 0.0899281 0.0935252 0.899164
7 0.320144 0.584532 0.0935252 0.0899281 0.900684
128 0.760791 0.142086 0.0899281 0.0899281 0.925204
