48 0.854317 0.559353 0.0899281 0.0899281 0.771223
148 0.357914 0.428058 0.0899281 0.0935252 0.838306
67 0.516187 0.232014 0.0899281 0.0899281 0.851382
61 0.219424 0.267986 0.0935252 0.0899281 0.867098
12 0.523381 0.753597 0.0899281 0.0899281 0.884402
121 0.408273 0.553957 0.0899281 0.0935252 0.884463
122 0.570144 0.534173 0.0899281 0.0899281 0.894145
41 0.606115 0.368705 0.0899281 0.0899281 0.901367
7 0.67446 0.758993 0.0899281 0.0935252 0.911714
128 0.81295 0.597122 0.0935252 0.0935252 0.927385
