48 0.579137 0.411871 0.0935252 0.0899281 0.828159
148 0.307554 0.69964 0.0899281 0.0899281 0.834168
67 0.78777 0.532374 0.0935252 0.0935252 0.852073
61 0.169065 0.483813 0.0935252 0.0899281 0.854075
12 0.553957 0.631295 0.0863309 0.0899281 0.882072
7 0.370504 0.582734 0.0935252 0.0863309 0.885567
121 0.548561 0.741007 0.0899281 0.0935252 0.890796
122 0.505396 0.458633 0.0899281 0.0899281 0.894172
41 0.638489 0.80036 0.0899281 0.0899281 0.903065
128 0.663669 0.206835 0.0899281 0.0899281 0.919145
