148 0.332734 0.672662 0.0899281 0.0935252 0.770618
48 0.656475 0.214029 0.0899281 0.0899281 0.792756
67 0.773381 0.386691 0.0935252 0.0899281 0.860707
121 0.383094 0.881295 0.0899281 0.0935252 0.869489
61 0.106115 0.570144 0.0899281 0.0899281 0.870353
12 0.397482 0.714029 0.0899281 0.0899281 0.881223
7 0.194245 0.814748 0.0863309 0.0899281 0.890413
122 0.857914 0.19964 0.0899281 0.0899281 0.890621
41 0.627698 0.692446 0.0899281 0.0899281 0.905033
128 0.658273 0.496403 0.0935252 0.0935252 0.928449
