67 0.811151 0.0827338 0.0827338 0.0791367 0.615329
48 0.80036 0.796763 0.0899281 0.0899281 0.810036
67 0.791367 0.124101 0.0863309 0.0827338 0.831873
148 0.257194 0.465827 0.0899281 0.0899281 0.843558
61 0.122302 0.624101 0.0863309 0.0899281 0.849151
121 0.464029 0.521583 0.0935252 0.0935252 0.885344
12 0.451439 0.667266 0.0899281 0.0899281 0.890995
7 0.383094 0.888489 0.0899281 0.0935252 0.900957
122 0.868705 0.104317 0.0899281 0.0935252 0.905715
128 0.746403 0.607914 0.0899281 0.0935252 0.914898
