103 0.919065 0.073741 0.0755396 0.0683453 0.682075
148 0.402878 0.48741 0.0791367 0.0827338 0.743596
67 0.541367 0.751799 0.0899281 0.0935252 0.861906
61 0.433453 0.631295 0.0899281 0.0899281 0.864181
121 0.528777 0.834532 0.0863309 0.0863309 0.866572
7 0.392086 0.555755 0.0863309 0.0899281 0.894166
12 0.471223 0.51259 0.0935252 0.0899281 0.894401
122 0.426259 0.327338 0.0899281 0.0935252 0.900216
41 0.625899 0.843525 0.0863309 0.0899281 0.902706
128 0.541367 0.47482 0.0899281 0.0935252 0.92817
