148 0.163669 0.728417 0.0899281 0.0899281 0.771553
48 0.55036 0.314748 0.0935252 0.0899281 0.791502
67 0.710432 0.622302 0.0899281 0.0935252 0.814567
61 0.142086 0.624101 0.0899281 0.0899281 0.878355
7 0.309353 0.584532 0.0863309 0.0899281 0.89437
41 0.706835 0.735611 0.0899281 0.0899281 0.899441
122 0.57554 0.544964 0.0935252 0.0899281 0.899695
12 0.492806 0.636691 0.0935252 0.0935252 0.907013
121 0.455036 0.692446 0.0899281 0.0899281 0.918827
128 0.854317 0.0899281 0.0899281 0.0935252 0.92396
