61 0.127698 0.821942 0.0899281 0.0899281 0.550114
103 0.732014 0.879496 0.0899281 0.0827338 0.710937
148 0.473022 0.629496 0.0899281 0.0935252 0.851773
67 0.645683 0.571942 0.0899281 0.0935252 0.861174
121 0.613309 0.888489 0.0899281 0.0935252 0.861414
122 0.694245 0.491007 0.0935252 0.0899281 0.893873
12 0.17446 0.859712 0.0899281 0.0935252 0.895545
7 0.505396 0.473022 0.0899281 0.0899281 0.901896
41 0.505396 0.106115 0.0899281 0.0899281 0.902465
128 0.751799 0.836331 0.0935252 0.0899281 0.905666
