122 0.404676 0.539568 0.0755396 0.0935252 0.687374
121 0.404676 0.539568 0.0755396 0.0935252 0.730573
48 0.872302 0.685252 0.0899281 0.0899281 0.822765
148 0.196043 0.757194 0.0899281 0.0899281 0.838164
67 0.726619 0.241007 0.0935252 0.0935252 0.840808
61 0.118705 0.415468 0.0935252 0.0899281 0.857101
12 0.875899 0.789568 0.0899281 0.0899281 0.872951
7 0.820144 0.780576 0.0719424 0.0935252 0.876558
41 0.904676 0.0791367 0.0899281 0.0791367 0.901613
122 0.469424 0.541367 0.0899281 0.0899281 0.91321
