67 0.769784 0.142086 0.0935252 0.0899281 0.720693
48 0.796763 0.796763 0.0899281 0.0899281 0.794453
148 0.257194 0.460432 0.0899281 0.0935252 0.843832
41 0.791367 0.0827338 0.0863309 0.0863309 0.852256
61 0.124101 0.602518 0.0899281 0.0899281 0.854298
121 0.483813 0.507194 0.0899281 0.0935252 0.867034
12 0.451439 0.667266 0.0899281 0.0899281 0.895869
122 0.875899 0.0917266 0.0899281 0.0899281 0.896425
7 0.404676 0.888489 0.0899281 0.0935252 0.898561
128 0.742806 0.633094 0.0899281 0.0935252 0.923582
