121 0.383094 0.877698 0.0899281 0.0935252 0.708298
48 0.678058 0.206835 0.0899281 0.0899281 0.795643
148 0.31295 0.681655 0.0863309 0.0899281 0.810336
67 0.785971 0.368705 0.0899281 0.0899281 0.840751
61 0.0989209 0.573741 0.0899281 0.0899281 0.864167
7 0.170863 0.834532 0.0899281 0.0935252 0.891527
12 0.379496 0.723022 0.0899281 0.0935252 0.893994
122 0.872302 0.167266 0.0899281 0.0899281 0.898789
41 0.627698 0.696043 0.0899281 0.0899281 0.905528
128 0.658273 0.471223 0.0935252 0.0935252 0.927703
