68 0.710432 0.665468 0.0899281 0.0863309 0.782801
50 0.789568 0.643885 0.0899281 0.0935252 0.833047
67 0.514389 0.273381 0.0935252 0.0935252 0.833315
105 0.491007 0.501799 0.0899281 0.0899281 0.845883
61 0.267986 0.145683 0.0899281 0.0899281 0.853032
121 0.456835 0.552158 0.0935252 0.0899281 0.877333
46 0.196043 0.138489 0.0827338 0.0899281 0.878523
12 0.879496 0.455036 0.0899281 0.0899281 0.883841
122 0.791367 0.80036 0.0935252 0.0899281 0.895325
89 0.649281 0.622302 0.104317 0.107914 0.912203
