123 0.917266 0.0989209 0.0863309 0.0899281 0.784765
67 0.492806 0.242806 0.0863309 0.0899281 0.790076
103 0.429856 0.415468 0.0899281 0.0827338 0.817112
65 0.670863 0.847122 0.0899281 0.0899281 0.831083
45 0.667266 0.125899 0.0899281 0.0935252 0.832659
66 0.56295 0.455036 0.0899281 0.0899281 0.843817
61 0.183453 0.203237 0.0935252 0.0899281 0.853656
7 0.857914 0.728417 0.0899281 0.0899281 0.883214
141 0.43705 0.253597 0.0755396 0.0899281 0.889109
72 0.771583 0.742806 0.0899281 0.0899281 0.902673
