47 0.420863 0.570144 0.0935252 0.0899281 0.748279
123 0.884892 0.102518 0.0935252 0.0899281 0.763112
45 0.183453 0.176259 0.0935252 0.0935252 0.827458
67 0.573741 0.580935 0.0827338 0.0899281 0.838756
66 0.516187 0.602518 0.0899281 0.0899281 0.83966
103 0.248201 0.251799 0.0935252 0.0935252 0.860738
61 0.420863 0.836331 0.0935252 0.0899281 0.861978
141 0.217626 0.627698 0.0899281 0.0899281 0.901362
7 0.51259 0.517986 0.0899281 0.0863309 0.903133
72 0.393885 0.611511 0.0899281 0.0863309 0.911431
