123 0.814748 0.866906 0.0899281 0.0935252 0.712561
65 0.730216 0.843525 0.0863309 0.0899281 0.766018
67 0.721223 0.169065 0.0899281 0.0935252 0.804075
45 0.285971 0.124101 0.0899281 0.0899281 0.844735
61 0.143885 0.411871 0.0935252 0.0899281 0.847488
66 0.501799 0.485611 0.0899281 0.0935252 0.85379
103 0.455036 0.530576 0.0899281 0.0899281 0.865854
72 0.600719 0.705036 0.0935252 0.0935252 0.900583
7 0.811151 0.796763 0.0899281 0.0755396 0.900839
141 0.501799 0.852518 0.0899281 0.0935252 0.902366
