123 0.919065 0.0845324 0.0827338 0.0899281 0.776754
66 0.595324 0.444245 0.0899281 0.0899281 0.813863
67 0.55036 0.197842 0.0935252 0.0935252 0.828497
65 0.579137 0.850719 0.0935252 0.0899281 0.829925
45 0.785971 0.115108 0.0899281 0.0935252 0.834974
61 0.169065 0.197842 0.0935252 0.0935252 0.862839
103 0.458633 0.498201 0.0899281 0.0899281 0.869878
7 0.865108 0.742806 0.0899281 0.0899281 0.896035
72 0.742806 0.732014 0.0899281 0.0899281 0.901138
141 0.451439 0.248201 0.0899281 0.0935252 0.906138
