123 0.919065 0.0845324 0.0827338 0.0899281 0.760902
65 0.624101 0.850719 0.0899281 0.0899281 0.829348
66 0.580935 0.44964 0.0899281 0.0935252 0.831035
45 0.708633 0.125899 0.0935252 0.0935252 0.831512
61 0.170863 0.214029 0.0899281 0.0899281 0.839211
67 0.523381 0.226619 0.0899281 0.0935252 0.839804
7 0.852518 0.73741 0.0935252 0.0935252 0.877475
103 0.435252 0.456835 0.0935252 0.0935252 0.880958
141 0.451439 0.253597 0.0899281 0.0899281 0.897396
72 0.776978 0.714029 0.0863309 0.0899281 0.911955
