65 0.723022 0.859712 0.0863309 0.0935252 0.730219
123 0.798561 0.877698 0.0935252 0.0935252 0.742457
103 0.446043 0.523381 0.0863309 0.0899281 0.823021
45 0.276978 0.116906 0.0935252 0.0899281 0.846985
67 0.782374 0.145683 0.0899281 0.0899281 0.847405
66 0.501799 0.508993 0.0899281 0.0899281 0.857247
61 0.142086 0.478417 0.0899281 0.0935252 0.870501
7 0.803957 0.805755 0.0899281 0.0791367 0.878998
72 0.57554 0.647482 0.0935252 0.0935252 0.896381
141 0.442446 0.866906 0.0935252 0.0935252 0.899599
