123 0.557554 0.649281 0.0935252 0.0971223 0.735838
67 0.705036 0.611511 0.0935252 0.0863309 0.737093
65 0.404676 0.595324 0.0899281 0.0899281 0.804258
66 0.751799 0.584532 0.0935252 0.0899281 0.838165
103 0.210432 0.235612 0.0899281 0.0899281 0.853076
45 0.526978 0.118705 0.0899281 0.0935252 0.856033
61 0.55036 0.811151 0.0935252 0.0899281 0.86871
7 0.613309 0.591727 0.0899281 0.0899281 0.902236
141 0.366906 0.384892 0.0935252 0.0935252 0.918644
72 0.438849 0.658273 0.0935252 0.0935252 0.927133
