123 0.782374 0.667266 0.0971223 0.0827338 0.511966
28 0.784173 0.670863 0.0935252 0.0683453 0.648623
67 0.785971 0.672662 0.0899281 0.0719424 0.668371
123 0.771583 0.616906 0.0899281 0.0899281 0.691941
123 0.719424 0.658273 0.0719424 0.0935252 0.767227
45 0.823741 0.244604 0.0935252 0.0935252 0.813565
61 0.0971223 0.44964 0.0935252 0.0935252 0.862973
103 0.456835 0.658273 0.0935252 0.0935252 0.867828
72 0.348921 0.591727 0.0935252 0.0899281 0.899855
7 0.638489 0.516187 0.0899281 0.0899281 0.902885
