65 0.721223 0.847122 0.0899281 0.0899281 0.765342
123 0.809353 0.870504 0.0935252 0.0935252 0.801597
45 0.280576 0.116906 0.0935252 0.0899281 0.838548
67 0.742806 0.160072 0.0899281 0.0899281 0.844332
61 0.143885 0.433453 0.0935252 0.0899281 0.845025
66 0.507194 0.494604 0.0935252 0.0899281 0.857918
103 0.46223 0.52518 0.0899281 0.0863309 0.860102
7 0.803957 0.796763 0.0899281 0.0827338 0.897516
141 0.480216 0.854317 0.0899281 0.0899281 0.900762
72 0.591727 0.685252 0.0899281 0.0899281 0.903965
