67 0.733813 0.571942 0.0863309 0.0863309 0.596667
65 0.381295 0.607914 0.0935252 0.0935252 0.766952
123 0.535971 0.609712 0.0935252 0.0899281 0.781708
45 0.602518 0.111511 0.0899281 0.0935252 0.848443
61 0.598921 0.814748 0.0899281 0.0899281 0.853778
103 0.178058 0.179856 0.0899281 0.0935252 0.862047
7 0.559353 0.557554 0.0899281 0.0863309 0.878748
66 0.757194 0.526978 0.0899281 0.0899281 0.896862
72 0.451439 0.658273 0.0899281 0.0935252 0.925602
141 0.366906 0.384892 0.107914 0.107914 0.929167
