65 0.721223 0.852518 0.0899281 0.0935252 0.694607
123 0.807554 0.874101 0.0899281 0.0935252 0.755942
103 0.455036 0.516187 0.0827338 0.0899281 0.803688
67 0.760791 0.152878 0.0899281 0.0899281 0.813844
66 0.505396 0.498201 0.0899281 0.0899281 0.847721
45 0.278777 0.116906 0.0899281 0.0899281 0.850292
61 0.142086 0.455036 0.0899281 0.0899281 0.85537
7 0.796763 0.802158 0.0899281 0.0791367 0.889912
141 0.460432 0.857914 0.0935252 0.0899281 0.898333
72 0.580935 0.667266 0.0899281 0.0899281 0.898906
