123 0.829137 0.848921 0.0899281 0.0935252 0.504789
82 0.830935 0.848921 0.0935252 0.0935252 0.768544
61 0.147482 0.149281 0.0719424 0.0899281 0.771244
65 0.690647 0.859712 0.0935252 0.0935252 0.804251
45 0.210432 0.151079 0.0899281 0.0935252 0.83095
72 0.388489 0.386691 0.0863309 0.0899281 0.83155
67 0.805755 0.557554 0.0935252 0.0935252 0.836179
66 0.629496 0.498201 0.0935252 0.0899281 0.842536
103 0.465827 0.476619 0.0899281 0.0899281 0.86695
141 0.260791 0.298561 0.0899281 0.0935252 0.903184
