65 0.266187 0.902878 0.0935252 0.0935252 0.764582
123 0.872302 0.793165 0.0899281 0.0899281 0.828917
61 0.131295 0.289568 0.0899281 0.0899281 0.835245
66 0.688849 0.620504 0.0899281 0.0899281 0.848531
45 0.230216 0.269784 0.115108 0.115108 0.849754
67 0.861511 0.0881295 0.0899281 0.0899281 0.861815
103 0.492806 0.491007 0.0935252 0.0899281 0.866924
72 0.577338 0.681655 0.0899281 0.0899281 0.893828
141 0.341727 0.46223 0.0935252 0.0899281 0.899434
7 0.820144 0.766187 0.0863309 0.0935252 0.899695
