131 0.865108 0.760791 0.0899281 0.0755396 0.537026
65 0.865108 0.758993 0.0899281 0.0791367 0.586479
82 0.883094 0.415468 0.0899281 0.0899281 0.732567
66 0.501799 0.494604 0.0899281 0.0899281 0.823649
67 0.730216 0.435252 0.0935252 0.0935252 0.825939
103 0.447842 0.534173 0.0899281 0.0899281 0.840645
45 0.278777 0.124101 0.0899281 0.0899281 0.868362
72 0.246403 0.859712 0.0899281 0.0935252 0.905329
141 0.116906 0.83813 0.0899281 0.0935252 0.906577
7 0.865108 0.681655 0.0899281 0.0899281 0.907887
