123 0.917266 0.0935252 0.0863309 0.0935252 0.797184
65 0.649281 0.847122 0.0899281 0.0899281 0.82446
67 0.508993 0.233813 0.0899281 0.0935252 0.826972
61 0.181655 0.208633 0.0899281 0.0935252 0.837342
66 0.564748 0.455036 0.0935252 0.0899281 0.842609
45 0.688849 0.125899 0.0899281 0.0935252 0.866072
103 0.431655 0.433453 0.0935252 0.0899281 0.868706
7 0.847122 0.72482 0.0899281 0.0899281 0.879301
141 0.435252 0.260791 0.0863309 0.0899281 0.896365
72 0.771583 0.732014 0.0827338 0.0899281 0.901922
