122 0.0845324 0.919065 0.0827338 0.0827338 0.746167
82 0.600719 0.81295 0.0935252 0.0935252 0.797026
136 0.660072 0.852518 0.0899281 0.0935252 0.814366
67 0.694245 0.654676 0.0863309 0.0935252 0.828913
8 0.857914 0.710432 0.0899281 0.0899281 0.831524
35 0.197842 0.116906 0.0935252 0.0899281 0.849321
2 0.823741 0.160072 0.0935252 0.0899281 0.87671
72 0.744604 0.678058 0.0935252 0.0899281 0.909127
110 0.19964 0.228417 0.0899281 0.0899281 0.912089
141 0.480216 0.649281 0.0899281 0.0899281 0.914445
