136 0.766187 0.829137 0.0935252 0.0899281 0.789507
67 0.69964 0.615108 0.0899281 0.0935252 0.838704
123 0.681655 0.77518 0.0899281 0.0899281 0.852045
8 0.854317 0.732014 0.0755396 0.0899281 0.855117
2 0.755396 0.258993 0.0935252 0.0935252 0.884529
122 0.482014 0.530576 0.0935252 0.0899281 0.888854
141 0.473022 0.665468 0.0899281 0.0935252 0.894423
110 0.188849 0.235612 0.0899281 0.0899281 0.910255
34 0.19964 0.116906 0.0971223 0.0971223 0.911361
72 0.782374 0.732014 0.0899281 0.0899281 0.913414
