136 0.426259 0.530576 0.0899281 0.0899281 0.78381
35 0.476619 0.492806 0.0899281 0.0935252 0.824034
67 0.415468 0.334532 0.0899281 0.0935252 0.840473
123 0.336331 0.440647 0.0899281 0.0899281 0.842394
2 0.854317 0.492806 0.0899281 0.0935252 0.870256
110 0.106115 0.303957 0.0827338 0.0899281 0.872174
8 0.145683 0.269784 0.0899281 0.0935252 0.873251
122 0.0791367 0.915468 0.0719424 0.0755396 0.881462
141 0.246403 0.473022 0.0899281 0.0899281 0.897556
72 0.260791 0.361511 0.0827338 0.0899281 0.904155
