136 0.746403 0.856115 0.0899281 0.0935252 0.820917
8 0.886691 0.271583 0.0899281 0.0899281 0.839586
122 0.46223 0.521583 0.0899281 0.0863309 0.847756
67 0.631295 0.241007 0.0899281 0.0935252 0.850624
123 0.850719 0.827338 0.0899281 0.0935252 0.858756
2 0.508993 0.492806 0.0899281 0.0935252 0.874875
110 0.147482 0.208633 0.0935252 0.0863309 0.897514
141 0.106115 0.91187 0.0899281 0.0899281 0.902499
72 0.915468 0.120504 0.0827338 0.0899281 0.904064
34 0.181655 0.163669 0.0899281 0.0899281 0.920886
