42 0.492806 0.892086 0.0935252 0.0935252 0.641006
136 0.384892 0.895683 0.0935252 0.0935252 0.799695
67 0.794964 0.784173 0.0935252 0.0935252 0.821704
8 0.802158 0.872302 0.0791367 0.0899281 0.865689
122 0.431655 0.544964 0.0863309 0.0899281 0.900009
72 0.730216 0.881295 0.0863309 0.0935252 0.900237
141 0.269784 0.544964 0.0935252 0.0899281 0.90276
2 0.485611 0.526978 0.0935252 0.0899281 0.904099
110 0.111511 0.228417 0.0935252 0.0899281 0.906919
34 0.176259 0.190647 0.0935252 0.0935252 0.916122
