67 0.357914 0.388489 0.0899281 0.0935252 0.786129
136 0.78777 0.863309 0.0935252 0.0935252 0.810332
123 0.663669 0.636691 0.0899281 0.0935252 0.837454
8 0.566547 0.530576 0.0899281 0.0899281 0.837593
2 0.464029 0.44964 0.0935252 0.0935252 0.889447
72 0.872302 0.428058 0.0899281 0.0935252 0.898211
122 0.276978 0.573741 0.0791367 0.0899281 0.902285
34 0.217626 0.267986 0.0899281 0.0899281 0.904567
141 0.339928 0.579137 0.0899281 0.0935252 0.907963
110 0.142086 0.255396 0.0827338 0.0935252 0.910189
