57 0.697842 0.66187 0.0935252 0.0935252 0.585633
84 0.571942 0.643885 0.0935252 0.0935252 0.594932
2 0.69964 0.663669 0.0899281 0.0899281 0.60716
136 0.480216 0.730216 0.0899281 0.0935252 0.800228
67 0.81295 0.555755 0.0935252 0.0899281 0.848481
8 0.197842 0.154676 0.0935252 0.0935252 0.858944
122 0.480216 0.508993 0.0899281 0.0899281 0.881495
72 0.672662 0.334532 0.0935252 0.0935252 0.899774
110 0.142086 0.356115 0.0899281 0.0935252 0.908263
34 0.543165 0.47482 0.0935252 0.0935252 0.910529
141 0.710432 0.857914 0.0971223 0.0971223 0.91149
