42 0.100719 0.886691 0.0935252 0.0971223 0.50389
104 0.339928 0.318345 0.0899281 0.0899281 0.761734
136 0.205036 0.827338 0.0935252 0.0935252 0.786999
8 0.758993 0.248201 0.0863309 0.0935252 0.848968
2 0.458633 0.422662 0.0899281 0.0899281 0.892049
72 0.818345 0.217626 0.0899281 0.0899281 0.893667
141 0.294964 0.579137 0.0935252 0.0935252 0.897444
122 0.535971 0.535971 0.0935252 0.0935252 0.898909
34 0.778777 0.656475 0.0899281 0.0899281 0.908294
110 0.163669 0.480216 0.0899281 0.0899281 0.916057
