35 0.46223 0.47482 0.0899281 0.0935252 0.811562
8 0.134892 0.271583 0.0899281 0.0899281 0.826976
136 0.406475 0.544964 0.0935252 0.0899281 0.829249
67 0.404676 0.314748 0.0899281 0.0899281 0.831228
123 0.336331 0.415468 0.0899281 0.0899281 0.835307
110 0.0935252 0.30036 0.0863309 0.0899281 0.849763
2 0.854317 0.514389 0.0899281 0.0935252 0.884045
122 0.0863309 0.901079 0.0863309 0.0899281 0.896973
72 0.257194 0.363309 0.0827338 0.0935252 0.90021
141 0.241007 0.455036 0.0935252 0.0899281 0.91913
