123 0.0791367 0.91187 0.0791367 0.0899281 0.759154
136 0.154676 0.870504 0.0935252 0.0935252 0.79841
67 0.357914 0.329137 0.0899281 0.0899281 0.81096
8 0.789568 0.214029 0.0899281 0.0899281 0.861739
2 0.428058 0.401079 0.0935252 0.0899281 0.893424
34 0.829137 0.643885 0.0899281 0.0935252 0.900259
141 0.339928 0.584532 0.0899281 0.0899281 0.901726
72 0.868705 0.161871 0.0899281 0.0935252 0.902284
122 0.577338 0.559353 0.0899281 0.0899281 0.905409
110 0.116906 0.465827 0.0899281 0.0899281 0.90943
