136 0.730216 0.83813 0.0935252 0.0935252 0.734881
123 0.0989209 0.910072 0.0899281 0.0935252 0.829718
8 0.883094 0.703237 0.0899281 0.0899281 0.847922
67 0.66187 0.688849 0.0935252 0.0899281 0.850397
122 0.406475 0.570144 0.0863309 0.0899281 0.881668
2 0.458633 0.546763 0.0899281 0.0935252 0.889377
110 0.124101 0.210432 0.0899281 0.0899281 0.892993
141 0.543165 0.811151 0.0935252 0.0899281 0.897542
72 0.782374 0.730216 0.0899281 0.0935252 0.901239
34 0.17446 0.185252 0.0899281 0.0899281 0.912194
