74 0.284173 0.305755 0.0935252 0.0935252 0.544701
42 0.471223 0.69964 0.0935252 0.0899281 0.574307
104 0.284173 0.305755 0.0935252 0.0935252 0.590358
8 0.46223 0.393885 0.0899281 0.0899281 0.727083
136 0.694245 0.859712 0.0935252 0.0935252 0.747407
154 0.226619 0.365108 0.0863309 0.0899281 0.876539
122 0.264389 0.413669 0.0899281 0.0935252 0.878776
141 0.345324 0.372302 0.0863309 0.0899281 0.883525
2 0.577338 0.386691 0.0899281 0.0899281 0.888175
72 0.904676 0.131295 0.0899281 0.0899281 0.909934
