136 0.476619 0.683453 0.0899281 0.0863309 0.7926
123 0.564748 0.616906 0.0935252 0.0899281 0.802281
67 0.780576 0.517986 0.0935252 0.0935252 0.849145
8 0.197842 0.149281 0.0935252 0.0899281 0.860626
2 0.913669 0.0809353 0.0863309 0.0827338 0.863705
122 0.455036 0.530576 0.0899281 0.0899281 0.882502
72 0.631295 0.372302 0.0899281 0.0899281 0.901905
34 0.53777 0.480216 0.0899281 0.0899281 0.904698
141 0.710432 0.857914 0.0899281 0.0899281 0.905699
110 0.149281 0.31295 0.0899281 0.0935252 0.912316
