123 0.431655 0.683453 0.0935252 0.0935252 0.764616
136 0.192446 0.843525 0.0899281 0.0899281 0.832627
8 0.492806 0.458633 0.0935252 0.0899281 0.840026
67 0.660072 0.67446 0.0899281 0.0899281 0.848838
122 0.415468 0.528777 0.0899281 0.0935252 0.872793
2 0.839928 0.780576 0.0899281 0.0935252 0.882936
34 0.217626 0.178058 0.0899281 0.0899281 0.898166
141 0.0953237 0.863309 0.0899281 0.0863309 0.903954
72 0.571942 0.627698 0.0935252 0.0899281 0.911267
110 0.161871 0.183453 0.0791367 0.0935252 0.91911
