123 0.769784 0.78777 0.0935252 0.0935252 0.581343
82 0.769784 0.78777 0.0935252 0.0935252 0.684478
136 0.807554 0.863309 0.0899281 0.0935252 0.777698
2 0.530576 0.482014 0.0899281 0.0935252 0.824199
8 0.859712 0.624101 0.0935252 0.0899281 0.830323
67 0.43705 0.451439 0.0899281 0.0899281 0.832879
122 0.519784 0.584532 0.0899281 0.0899281 0.885258
72 0.897482 0.46223 0.0899281 0.0899281 0.894369
141 0.442446 0.67446 0.0935252 0.0899281 0.897957
34 0.271583 0.134892 0.0899281 0.0899281 0.913813
110 0.219424 0.197842 0.0935252 0.0863309 0.915327
