8 0.584532 0.543165 0.0899281 0.0935252 0.783103
136 0.807554 0.866906 0.0899281 0.0935252 0.801735
122 0.296763 0.577338 0.0755396 0.0899281 0.822501
67 0.368705 0.392086 0.0899281 0.0935252 0.844649
123 0.68705 0.640288 0.0935252 0.0935252 0.853321
2 0.447842 0.44964 0.0899281 0.0935252 0.882619
72 0.872302 0.460432 0.0899281 0.0935252 0.892641
141 0.357914 0.591727 0.0899281 0.0899281 0.911258
34 0.206835 0.248201 0.0899281 0.0935252 0.919017
110 0.138489 0.241007 0.0827338 0.0935252 0.928138
