136 0.183453 0.852518 0.0863309 0.0935252 0.80177
67 0.343525 0.323741 0.0899281 0.0935252 0.803412
123 0.0899281 0.895683 0.0935252 0.0935252 0.827714
2 0.447842 0.413669 0.0899281 0.0935252 0.828023
8 0.778777 0.232014 0.0899281 0.0899281 0.840688
141 0.318345 0.58813 0.0899281 0.0899281 0.903658
110 0.140288 0.473022 0.0935252 0.0899281 0.905174
122 0.555755 0.548561 0.0899281 0.0899281 0.905537
72 0.847122 0.192446 0.0899281 0.0899281 0.90856
34 0.803957 0.658273 0.0899281 0.0935252 0.912773
