123 0.555755 0.606115 0.0899281 0.0899281 0.7325
136 0.485611 0.663669 0.0935252 0.0971223 0.806631
8 0.196043 0.147482 0.0899281 0.0935252 0.850964
67 0.767986 0.496403 0.0899281 0.0935252 0.857885
141 0.0755396 0.920863 0.0719424 0.0719424 0.863688
2 0.91187 0.102518 0.0899281 0.0899281 0.881481
122 0.442446 0.53777 0.0935252 0.0899281 0.887075
72 0.613309 0.384892 0.0899281 0.0935252 0.898173
34 0.521583 0.473022 0.0935252 0.0899281 0.905617
110 0.140288 0.291367 0.0935252 0.0935252 0.915757
