136 0.678058 0.874101 0.0899281 0.0935252 0.729985
32 0.742806 0.875899 0.0827338 0.0899281 0.783933
8 0.901079 0.172662 0.0899281 0.0863309 0.849113
67 0.714029 0.169065 0.0899281 0.0935252 0.855021
110 0.118705 0.22482 0.0935252 0.0899281 0.856179
122 0.451439 0.530576 0.0899281 0.0899281 0.864597
2 0.501799 0.48741 0.0899281 0.0899281 0.875574
141 0.271583 0.544964 0.0971223 0.0971223 0.905168
72 0.866906 0.807554 0.0935252 0.0899281 0.912867
34 0.160072 0.192446 0.0899281 0.0899281 0.919126
