136 0.766187 0.852518 0.0935252 0.0935252 0.81022
8 0.552158 0.516187 0.0899281 0.0899281 0.834067
123 0.643885 0.624101 0.0935252 0.0899281 0.835087
67 0.347122 0.386691 0.0899281 0.0899281 0.850665
2 0.482014 0.46223 0.0863309 0.0899281 0.892523
122 0.266187 0.557554 0.0791367 0.0935252 0.893794
72 0.872302 0.404676 0.0899281 0.0899281 0.893923
34 0.228417 0.28777 0.0899281 0.0935252 0.897982
141 0.330935 0.559353 0.0863309 0.0899281 0.914054
110 0.145683 0.267986 0.0899281 0.0899281 0.920067
