130 0.336331 0.532374 0.0899281 0.0935252 0.846929
11 0.929856 0.0845324 0.0683453 0.0827338 0.84858
67 0.816547 0.553957 0.0935252 0.0935252 0.850434
100 0.251799 0.127698 0.0935252 0.0899281 0.870493
66 0.811151 0.78777 0.0899281 0.0935252 0.872862
122 0.557554 0.901079 0.0935252 0.0899281 0.878119
27 0.922662 0.217626 0.0755396 0.0899281 0.88086
41 0.124101 0.570144 0.0899281 0.0899281 0.899928
141 0.235612 0.523381 0.0899281 0.0899281 0.905513
49 0.383094 0.606115 0.0899281 0.0899281 0.919662
