67 0.742806 0.203237 0.0899281 0.0899281 0.817153
130 0.318345 0.634892 0.0899281 0.0899281 0.843087
11 0.419065 0.298561 0.0899281 0.0935252 0.860475
100 0.631295 0.514389 0.0899281 0.0935252 0.874708
66 0.444245 0.438849 0.111511 0.115108 0.876302
122 0.284173 0.48741 0.0935252 0.0899281 0.889693
27 0.478417 0.350719 0.0935252 0.0899281 0.890574
141 0.156475 0.868705 0.0899281 0.0899281 0.896703
41 0.336331 0.435252 0.0899281 0.0863309 0.902941
49 0.392086 0.584532 0.0935252 0.0899281 0.912082
