28 0.80036 0.827338 0.0899281 0.0863309 0.594994
67 0.80036 0.827338 0.0899281 0.0863309 0.714581
122 0.656475 0.570144 0.0899281 0.0899281 0.821134
66 0.627698 0.375899 0.0899281 0.0899281 0.838539
27 0.82554 0.785971 0.0899281 0.0899281 0.855835
11 0.847122 0.706835 0.0899281 0.0899281 0.866697
130 0.597122 0.609712 0.0863309 0.0899281 0.871531
100 0.541367 0.426259 0.0899281 0.0899281 0.883152
41 0.124101 0.273381 0.0899281 0.0863309 0.889671
141 0.751799 0.559353 0.0935252 0.0899281 0.899669
