76 0.334532 0.532374 0.0863309 0.0719424 0.781519
66 0.415468 0.433453 0.0899281 0.0899281 0.84041
67 0.82554 0.280576 0.0899281 0.0935252 0.841256
100 0.571942 0.392086 0.0935252 0.0935252 0.878019
11 0.332734 0.476619 0.0899281 0.0899281 0.879273
27 0.458633 0.169065 0.0899281 0.0935252 0.88742
41 0.498201 0.875899 0.0899281 0.0899281 0.897212
141 0.115108 0.631295 0.0863309 0.0899281 0.898505
122 0.232014 0.282374 0.0899281 0.0899281 0.901472
49 0.404676 0.580935 0.0899281 0.0899281 0.925367
