66 0.706835 0.498201 0.0899281 0.0899281 0.801349
67 0.758993 0.584532 0.0935252 0.0899281 0.847613
11 0.920863 0.188849 0.0791367 0.0899281 0.872076
100 0.908273 0.0863309 0.0899281 0.0863309 0.875397
130 0.267986 0.696043 0.0899281 0.0899281 0.880318
27 0.658273 0.327338 0.0935252 0.0935252 0.892071
141 0.606115 0.715827 0.0899281 0.0935252 0.901788
41 0.350719 0.854317 0.0899281 0.0899281 0.902439
122 0.314748 0.651079 0.0899281 0.0935252 0.9031
49 0.397482 0.597122 0.0899281 0.0935252 0.923248
