66 0.785971 0.807554 0.0899281 0.0899281 0.850693
41 0.169065 0.881295 0.0863309 0.0863309 0.875716
130 0.111511 0.847122 0.0935252 0.0899281 0.879014
11 0.685252 0.609712 0.111511 0.111511 0.882379
27 0.570144 0.491007 0.0899281 0.0899281 0.884352
67 0.649281 0.676259 0.0899281 0.0935252 0.895086
100 0.494604 0.534173 0.0899281 0.0899281 0.89544
122 0.314748 0.492806 0.0899281 0.0935252 0.897535
141 0.251799 0.476619 0.0863309 0.0899281 0.898436
49 0.541367 0.829137 0.0899281 0.0899281 0.921174
