67 0.670863 0.476619 0.0899281 0.0899281 0.832158
66 0.555755 0.0935252 0.0899281 0.0935252 0.845173
130 0.232014 0.80036 0.0899281 0.0899281 0.856877
122 0.232014 0.444245 0.111511 0.111511 0.86202
11 0.649281 0.318345 0.0899281 0.0899281 0.879826
100 0.886691 0.266187 0.0899281 0.0935252 0.891417
27 0.73741 0.271583 0.0935252 0.0899281 0.898791
141 0.456835 0.897482 0.0935252 0.0899281 0.900408
41 0.411871 0.507194 0.0899281 0.0863309 0.902917
49 0.246403 0.908273 0.0899281 0.0899281 0.929729
