130 0.356115 0.634892 0.0935252 0.0899281 0.814945
67 0.818345 0.553957 0.0899281 0.0935252 0.849557
100 0.246403 0.133094 0.0899281 0.0935252 0.861097
11 0.929856 0.0809353 0.0683453 0.0827338 0.861385
66 0.811151 0.785971 0.111511 0.111511 0.883679
27 0.53777 0.440647 0.0971223 0.0971223 0.898537
41 0.124101 0.681655 0.0899281 0.0899281 0.901344
122 0.593525 0.886691 0.0935252 0.0899281 0.902924
141 0.210432 0.543165 0.0899281 0.0935252 0.912801
49 0.321942 0.706835 0.0899281 0.0899281 0.918215
