130 0.334532 0.530576 0.0935252 0.0755396 0.784778
66 0.413669 0.444245 0.0863309 0.0899281 0.797464
67 0.794964 0.329137 0.0935252 0.0899281 0.84677
100 0.52518 0.419065 0.0935252 0.0899281 0.861949
27 0.478417 0.183453 0.0935252 0.0935252 0.887312
122 0.201439 0.239209 0.0935252 0.0899281 0.89336
141 0.131295 0.584532 0.0899281 0.0899281 0.894196
41 0.544964 0.872302 0.0899281 0.0899281 0.894885
11 0.336331 0.458633 0.0899281 0.0899281 0.897475
49 0.393885 0.582734 0.0899281 0.0863309 0.918357
