100 0.809353 0.298561 0.0791367 0.0935252 0.758414
67 0.767986 0.361511 0.0899281 0.0899281 0.833313
66 0.892086 0.154676 0.0935252 0.0935252 0.840922
130 0.469424 0.665468 0.0899281 0.0935252 0.86354
11 0.651079 0.384892 0.0935252 0.0935252 0.878768
122 0.0809353 0.91187 0.0755396 0.0827338 0.879205
27 0.742806 0.280576 0.0899281 0.0935252 0.895846
41 0.223022 0.845324 0.0863309 0.0863309 0.907668
141 0.616906 0.606115 0.104317 0.104317 0.915534
49 0.260791 0.404676 0.0899281 0.0899281 0.917482
