66 0.571942 0.553957 0.0935252 0.0791367 0.734567
67 0.741007 0.566547 0.0935252 0.0899281 0.835472
24 0.539568 0.658273 0.0935252 0.0935252 0.869098
11 0.584532 0.491007 0.0899281 0.0899281 0.884107
122 0.429856 0.582734 0.0899281 0.0863309 0.885583
100 0.404676 0.116906 0.0899281 0.0899281 0.885834
141 0.232014 0.489209 0.0899281 0.0935252 0.895436
27 0.841727 0.766187 0.107914 0.107914 0.906272
41 0.27518 0.145683 0.0899281 0.0899281 0.907744
49 0.593525 0.868705 0.0935252 0.0899281 0.923477
