122 0.0845324 0.917266 0.0755396 0.0863309 0.818512
67 0.658273 0.460432 0.0935252 0.0935252 0.857115
66 0.591727 0.0899281 0.0899281 0.0935252 0.857438
130 0.338129 0.685252 0.0935252 0.0899281 0.863068
100 0.744604 0.343525 0.0935252 0.0899281 0.883193
41 0.417266 0.496403 0.0935252 0.0935252 0.887121
27 0.816547 0.188849 0.0935252 0.0899281 0.895639
141 0.56295 0.875899 0.0899281 0.0899281 0.899002
11 0.548561 0.314748 0.0899281 0.0899281 0.902132
49 0.399281 0.890288 0.0935252 0.0899281 0.924965
