66 0.541367 0.456835 0.0899281 0.0935252 0.808942
130 0.526978 0.861511 0.0899281 0.0899281 0.818309
67 0.717626 0.482014 0.0899281 0.0935252 0.840473
100 0.334532 0.107914 0.0935252 0.0935252 0.861344
11 0.839928 0.507194 0.0899281 0.0935252 0.885772
27 0.642086 0.56295 0.0899281 0.0899281 0.887231
122 0.368705 0.393885 0.0899281 0.0899281 0.887801
41 0.143885 0.154676 0.0935252 0.0935252 0.897314
141 0.214029 0.857914 0.0899281 0.0899281 0.897862
49 0.508993 0.656475 0.0899281 0.0899281 0.923088
