67 0.658273 0.480216 0.0935252 0.0899281 0.847122
66 0.55036 0.0881295 0.0935252 0.0899281 0.855518
11 0.625899 0.332734 0.0935252 0.0899281 0.860416
130 0.255396 0.771583 0.0935252 0.0899281 0.867023
122 0.230216 0.446043 0.107914 0.107914 0.877785
41 0.419065 0.501799 0.0899281 0.0899281 0.882084
27 0.755396 0.255396 0.0935252 0.0935252 0.884631
100 0.856115 0.284173 0.0935252 0.0935252 0.898061
141 0.480216 0.897482 0.0899281 0.0899281 0.905255
49 0.282374 0.904676 0.0899281 0.0899281 0.926976
