66 0.526978 0.480216 0.0899281 0.0899281 0.834287
67 0.672662 0.44964 0.0935252 0.0935252 0.834761
100 0.320144 0.111511 0.0935252 0.0935252 0.872925
11 0.897482 0.528777 0.0899281 0.0935252 0.876295
130 0.476619 0.875899 0.0899281 0.0899281 0.877724
122 0.368705 0.393885 0.0899281 0.0899281 0.888509
27 0.642086 0.56295 0.0899281 0.0899281 0.889292
41 0.147482 0.149281 0.0935252 0.0899281 0.897697
141 0.158273 0.883094 0.0935252 0.0899281 0.91074
49 0.508993 0.656475 0.0899281 0.0899281 0.923739
