68 0.748201 0.447842 0.0935252 0.0899281 0.597592
130 0.827338 0.802158 0.0935252 0.0935252 0.822899
66 0.708633 0.31295 0.0935252 0.0935252 0.828357
67 0.832734 0.510791 0.0899281 0.0935252 0.844259
27 0.688849 0.406475 0.0899281 0.0935252 0.890388
11 0.746403 0.447842 0.0899281 0.0899281 0.891207
122 0.767986 0.865108 0.0899281 0.0827338 0.895349
141 0.505396 0.895683 0.0899281 0.0935252 0.905347
41 0.631295 0.848921 0.0899281 0.0863309 0.906201
49 0.771583 0.807554 0.0755396 0.0899281 0.930091
