130 0.354317 0.422662 0.0899281 0.0899281 0.813599
67 0.715827 0.420863 0.0935252 0.0935252 0.846485
66 0.72482 0.242806 0.0899281 0.0899281 0.851535
100 0.516187 0.458633 0.0899281 0.0899281 0.853909
11 0.913669 0.0719424 0.0863309 0.0647482 0.858353
122 0.345324 0.491007 0.0935252 0.0827338 0.881037
27 0.44964 0.181655 0.0935252 0.0899281 0.887911
141 0.411871 0.559353 0.0899281 0.0899281 0.896083
41 0.26259 0.357914 0.0863309 0.0827338 0.897811
49 0.145683 0.888489 0.0899281 0.0863309 0.921927
