67 0.760791 0.51259 0.0899281 0.0899281 0.834017
66 0.856115 0.368705 0.0935252 0.0899281 0.846383
130 0.343525 0.228417 0.0899281 0.0899281 0.861557
11 0.692446 0.329137 0.0899281 0.0899281 0.877286
100 0.892086 0.0917266 0.0935252 0.0899281 0.886636
122 0.591727 0.850719 0.0899281 0.0899281 0.889631
27 0.606115 0.377698 0.0899281 0.0935252 0.897553
141 0.21223 0.444245 0.0935252 0.0899281 0.903705
41 0.17446 0.185252 0.0899281 0.0899281 0.906433
49 0.501799 0.433453 0.0899281 0.0899281 0.923673
