100 0.915468 0.0773381 0.0755396 0.0755396 0.834738
66 0.857914 0.343525 0.0899281 0.0899281 0.839233
130 0.363309 0.248201 0.0935252 0.0935252 0.839968
67 0.760791 0.51259 0.0899281 0.0899281 0.843249
11 0.715827 0.307554 0.0935252 0.0899281 0.887484
141 0.214029 0.444245 0.0899281 0.0899281 0.894007
27 0.629496 0.336331 0.0935252 0.0899281 0.897957
122 0.570144 0.850719 0.0899281 0.0899281 0.898814
41 0.170863 0.201439 0.0899281 0.0863309 0.909442
49 0.505396 0.456835 0.0899281 0.0935252 0.921939
