96 0.859712 0.739209 0.0935252 0.0899281 0.774527
130 0.514389 0.492806 0.100719 0.0935252 0.816648
66 0.890288 0.327338 0.0899281 0.0935252 0.828339
67 0.809353 0.584532 0.0935252 0.0827338 0.854448
100 0.778777 0.181655 0.0899281 0.0899281 0.88136
122 0.113309 0.897482 0.0899281 0.0899281 0.883793
27 0.598921 0.404676 0.0899281 0.0899281 0.888042
141 0.392086 0.185252 0.0935252 0.0899281 0.906617
11 0.814748 0.656475 0.0899281 0.0899281 0.908222
49 0.534173 0.446043 0.0899281 0.0863309 0.912423
