66 0.411871 0.442446 0.0827338 0.0935252 0.621253
130 0.334532 0.532374 0.0935252 0.0791367 0.778625
67 0.785971 0.354317 0.0899281 0.0899281 0.837371
100 0.498201 0.408273 0.0899281 0.0899281 0.865977
11 0.354317 0.464029 0.0899281 0.0935252 0.868128
27 0.485611 0.205036 0.0935252 0.0935252 0.880687
122 0.196043 0.214029 0.0899281 0.0899281 0.894223
141 0.138489 0.559353 0.0899281 0.0899281 0.894302
41 0.568345 0.868705 0.0863309 0.0899281 0.907344
49 0.379496 0.582734 0.0899281 0.0863309 0.923214
