100 0.917266 0.0791367 0.0719424 0.0719424 0.803813
130 0.672662 0.552158 0.0935252 0.0899281 0.830645
67 0.814748 0.109712 0.0899281 0.0899281 0.845808
66 0.564748 0.104317 0.0935252 0.0935252 0.861489
11 0.676259 0.67446 0.0935252 0.0899281 0.894205
27 0.841727 0.773381 0.0935252 0.0935252 0.895248
122 0.56295 0.451439 0.0899281 0.0899281 0.896067
41 0.32554 0.106115 0.0899281 0.0899281 0.898886
141 0.491007 0.717626 0.0899281 0.0899281 0.902888
49 0.769784 0.852518 0.0935252 0.0935252 0.925225
