67 0.908273 0.0773381 0.0899281 0.0755396 0.837751
130 0.347122 0.188849 0.0899281 0.0899281 0.845311
66 0.852518 0.485611 0.0935252 0.0935252 0.853553
122 0.71223 0.847122 0.0863309 0.0899281 0.865112
27 0.611511 0.392086 0.0935252 0.0863309 0.882235
11 0.577338 0.336331 0.0899281 0.0899281 0.884404
100 0.755396 0.17446 0.0935252 0.0899281 0.892343
141 0.248201 0.420863 0.0935252 0.0935252 0.900531
41 0.181655 0.161871 0.0899281 0.0935252 0.9052
49 0.460432 0.343525 0.0935252 0.0899281 0.914386
