66 0.541367 0.456835 0.0899281 0.0935252 0.809247
67 0.733813 0.485611 0.0863309 0.0935252 0.852391
100 0.334532 0.107914 0.0935252 0.0935252 0.86158
130 0.528777 0.839928 0.0935252 0.0899281 0.869792
11 0.814748 0.496403 0.0899281 0.0935252 0.879319
27 0.642086 0.56295 0.0899281 0.0899281 0.883799
122 0.368705 0.393885 0.0899281 0.0899281 0.887866
41 0.143885 0.154676 0.0935252 0.0935252 0.897246
141 0.233813 0.854317 0.0935252 0.0899281 0.901253
49 0.508993 0.656475 0.0899281 0.0899281 0.924019
