66 0.861511 0.543165 0.0899281 0.0935252 0.824812
67 0.372302 0.183453 0.0899281 0.0935252 0.834021
130 0.282374 0.739209 0.0899281 0.0899281 0.865544
11 0.794964 0.384892 0.0935252 0.0935252 0.870331
100 0.586331 0.350719 0.0935252 0.0899281 0.876038
122 0.866906 0.793165 0.100719 0.0971223 0.882591
27 0.744604 0.521583 0.0935252 0.0935252 0.894603
141 0.478417 0.730216 0.0935252 0.0935252 0.904841
41 0.203237 0.115108 0.111511 0.107914 0.907465
49 0.498201 0.494604 0.0899281 0.0899281 0.924409
