100 0.480216 0.480216 0.0899281 0.0755396 0.788029
130 0.260791 0.456835 0.0827338 0.0935252 0.798308
66 0.280576 0.260791 0.0863309 0.0899281 0.841574
67 0.656475 0.397482 0.0899281 0.0899281 0.843908
27 0.480216 0.406475 0.0899281 0.0935252 0.884674
41 0.785971 0.847122 0.0899281 0.0899281 0.888592
122 0.21223 0.257194 0.0791367 0.0899281 0.893637
11 0.339928 0.456835 0.0899281 0.0935252 0.898786
141 0.18705 0.419065 0.0935252 0.0899281 0.901343
49 0.343525 0.616906 0.0899281 0.0899281 0.922758
