100 0.917266 0.0755396 0.0719424 0.0719424 0.808106
66 0.850719 0.323741 0.0899281 0.0935252 0.827279
67 0.760791 0.51259 0.0971223 0.0971223 0.846187
130 0.383094 0.264389 0.0899281 0.0899281 0.875596
27 0.638489 0.318345 0.0899281 0.0899281 0.878216
11 0.735611 0.28777 0.0899281 0.0935252 0.882236
122 0.546763 0.847122 0.0935252 0.0899281 0.888574
41 0.152878 0.219424 0.0899281 0.0935252 0.893713
141 0.22482 0.455036 0.0899281 0.0899281 0.905975
49 0.517986 0.458633 0.0935252 0.0899281 0.924641
