66 0.143885 0.215827 0.0935252 0.0935252 0.740927
11 0.920863 0.0755396 0.0719424 0.0791367 0.83687
67 0.767986 0.55036 0.0899281 0.0935252 0.837575
27 0.859712 0.751799 0.0935252 0.0935252 0.851775
100 0.796763 0.235612 0.0899281 0.0899281 0.857681
130 0.106115 0.857914 0.0899281 0.0899281 0.869539
122 0.476619 0.51259 0.0899281 0.0899281 0.870292
11 0.660072 0.480216 0.0899281 0.0899281 0.899889
41 0.383094 0.491007 0.0899281 0.0899281 0.906041
49 0.818345 0.811151 0.0899281 0.0899281 0.919108
