67 0.404676 0.264389 0.0899281 0.0899281 0.811431
100 0.66187 0.458633 0.0935252 0.0899281 0.821937
66 0.883094 0.67446 0.0899281 0.0899281 0.837692
130 0.178058 0.857914 0.0899281 0.0899281 0.858617
122 0.850719 0.782374 0.0899281 0.0899281 0.874159
141 0.406475 0.847122 0.0935252 0.0899281 0.887412
11 0.904676 0.260791 0.0899281 0.0899281 0.890311
27 0.631295 0.508993 0.0899281 0.0899281 0.89226
41 0.296763 0.118705 0.0899281 0.0935252 0.903632
49 0.491007 0.557554 0.0899281 0.0935252 0.926647
