122 0.760791 0.834532 0.0899281 0.0935252 0.698736
130 0.28777 0.307554 0.0863309 0.0899281 0.828197
67 0.732014 0.154676 0.0899281 0.0935252 0.829857
66 0.879496 0.615108 0.0899281 0.0935252 0.833954
100 0.616906 0.253597 0.0899281 0.0899281 0.874915
11 0.471223 0.321942 0.0935252 0.0899281 0.878804
27 0.593525 0.386691 0.0935252 0.0899281 0.891658
141 0.350719 0.379496 0.0827338 0.0899281 0.896218
41 0.293165 0.134892 0.0899281 0.0899281 0.902098
49 0.411871 0.408273 0.0899281 0.0899281 0.92264
