66 0.901079 0.120504 0.0899281 0.0899281 0.835196
67 0.809353 0.485611 0.0935252 0.0935252 0.845988
130 0.577338 0.645683 0.0899281 0.0899281 0.868077
100 0.857914 0.381295 0.0899281 0.0935252 0.872695
27 0.638489 0.370504 0.0899281 0.0935252 0.879183
11 0.602518 0.507194 0.0899281 0.0935252 0.893865
141 0.116906 0.91187 0.0899281 0.0899281 0.8952
122 0.206835 0.821942 0.0899281 0.0899281 0.899788
41 0.354317 0.757194 0.0899281 0.0899281 0.903022
49 0.230216 0.476619 0.0935252 0.0899281 0.927425
