130 0.46223 0.428058 0.111511 0.115108 0.823597
67 0.836331 0.629496 0.0899281 0.0935252 0.826971
66 0.566547 0.451439 0.0899281 0.0899281 0.840678
100 0.203237 0.156475 0.0899281 0.0899281 0.873367
27 0.830935 0.803957 0.0935252 0.0899281 0.887637
11 0.692446 0.629496 0.0899281 0.0935252 0.888049
122 0.447842 0.656475 0.0899281 0.0899281 0.896534
141 0.552158 0.803957 0.0899281 0.0827338 0.902318
41 0.343525 0.415468 0.0899281 0.0899281 0.90546
49 0.535971 0.872302 0.0935252 0.0899281 0.924165
