67 0.672662 0.44964 0.0935252 0.0935252 0.819619
66 0.526978 0.480216 0.0899281 0.0899281 0.832775
100 0.320144 0.111511 0.0935252 0.0935252 0.874762
11 0.897482 0.526978 0.0899281 0.0899281 0.876982
130 0.476619 0.875899 0.0899281 0.0899281 0.877097
122 0.368705 0.393885 0.0899281 0.0899281 0.888486
27 0.642086 0.56295 0.0899281 0.0899281 0.889745
41 0.147482 0.149281 0.0935252 0.0899281 0.89771
141 0.156475 0.883094 0.0899281 0.0899281 0.911657
49 0.508993 0.656475 0.0899281 0.0899281 0.924309
