54 0.609712 0.422662 0.0827338 0.0755396 0.508236
67 0.609712 0.422662 0.0827338 0.0755396 0.664845
11 0.611511 0.494604 0.0863309 0.0899281 0.822982
66 0.526978 0.440647 0.0899281 0.0899281 0.842886
130 0.616906 0.573741 0.0899281 0.0827338 0.854541
100 0.861511 0.106115 0.0899281 0.0899281 0.860819
27 0.888489 0.622302 0.0935252 0.0935252 0.876588
122 0.519784 0.539568 0.0899281 0.0935252 0.898276
41 0.447842 0.0881295 0.0899281 0.0899281 0.905209
49 0.893885 0.710432 0.0899281 0.0899281 0.924914
