67 0.656475 0.482014 0.0899281 0.0935252 0.837343
130 0.318345 0.706835 0.0899281 0.0899281 0.849757
66 0.577338 0.0845324 0.0899281 0.0899281 0.857763
11 0.555755 0.320144 0.0899281 0.0935252 0.885156
100 0.773381 0.343525 0.0935252 0.0899281 0.887747
122 0.0755396 0.920863 0.0719424 0.0719424 0.890849
27 0.80036 0.206835 0.0899281 0.0899281 0.89129
41 0.417266 0.498201 0.107914 0.104317 0.893496
141 0.552158 0.886691 0.0899281 0.0899281 0.896891
49 0.370504 0.893885 0.0935252 0.0899281 0.921453
