67 0.751799 0.665468 0.0935252 0.0935252 0.801095
66 0.886691 0.0827338 0.0899281 0.0791367 0.855226
130 0.203237 0.751799 0.0899281 0.0935252 0.859445
100 0.688849 0.332734 0.0899281 0.0899281 0.876826
11 0.919065 0.235612 0.0827338 0.0899281 0.883906
27 0.877698 0.739209 0.0935252 0.0899281 0.890444
141 0.73741 0.469424 0.0935252 0.0899281 0.894076
122 0.494604 0.503597 0.0899281 0.0863309 0.897043
41 0.253597 0.498201 0.0899281 0.0899281 0.898115
49 0.832734 0.78777 0.0899281 0.0935252 0.921306
