66 0.494604 0.422662 0.0899281 0.0899281 0.816819
67 0.895683 0.125899 0.0863309 0.0935252 0.830739
49 0.372302 0.647482 0.0899281 0.0863309 0.837025
11 0.392086 0.431655 0.0935252 0.0935252 0.860706
130 0.341727 0.613309 0.0935252 0.0899281 0.863163
100 0.645683 0.311151 0.0899281 0.0899281 0.877708
27 0.453237 0.179856 0.0935252 0.0935252 0.888111
122 0.266187 0.350719 0.0935252 0.0899281 0.898277
41 0.404676 0.886691 0.0899281 0.0899281 0.900647
141 0.102518 0.771583 0.0899281 0.0899281 0.908623
