67 0.915468 0.0773381 0.0827338 0.0755396 0.814653
66 0.854317 0.392086 0.0899281 0.0935252 0.842532
130 0.32554 0.21223 0.0899281 0.0935252 0.842635
100 0.857914 0.109712 0.0899281 0.0899281 0.859067
11 0.67446 0.348921 0.0899281 0.0935252 0.868832
27 0.606115 0.381295 0.0899281 0.0935252 0.886193
141 0.21223 0.444245 0.0935252 0.0899281 0.901292
122 0.616906 0.854317 0.0899281 0.0899281 0.901368
41 0.178058 0.181655 0.0899281 0.0899281 0.904199
49 0.491007 0.411871 0.0899281 0.0899281 0.918349
