67 0.744604 0.442446 0.0935252 0.0935252 0.852332
66 0.526978 0.505396 0.0899281 0.0899281 0.855383
100 0.494604 0.125899 0.0899281 0.0935252 0.856593
122 0.170863 0.780576 0.111511 0.107914 0.86817
130 0.586331 0.678058 0.0935252 0.0899281 0.871947
27 0.852518 0.751799 0.0935252 0.0935252 0.884077
11 0.480216 0.406475 0.0899281 0.0935252 0.887364
41 0.185252 0.178058 0.0899281 0.0899281 0.903991
141 0.228417 0.501799 0.0899281 0.0899281 0.906387
49 0.32554 0.908273 0.0899281 0.0899281 0.930244
