66 0.625899 0.501799 0.0935252 0.0899281 0.811343
130 0.179856 0.771583 0.0863309 0.0899281 0.83967
11 0.928058 0.0791367 0.0647482 0.0791367 0.841793
67 0.688849 0.561151 0.0899281 0.0935252 0.856725
27 0.715827 0.257194 0.0935252 0.0899281 0.888847
100 0.496403 0.42446 0.0935252 0.0935252 0.890669
122 0.246403 0.714029 0.0899281 0.0899281 0.903269
141 0.710432 0.739209 0.0899281 0.0899281 0.904222
41 0.293165 0.866906 0.0899281 0.0935252 0.91054
49 0.413669 0.573741 0.0935252 0.0899281 0.92908
