66 0.877698 0.679856 0.0935252 0.0935252 0.83294
130 0.368705 0.361511 0.0899281 0.0899281 0.835098
41 0.397482 0.134892 0.0683453 0.0899281 0.836528
67 0.582734 0.289568 0.0863309 0.0899281 0.838237
100 0.464029 0.151079 0.0935252 0.0863309 0.843267
27 0.694245 0.408273 0.0935252 0.0899281 0.857962
11 0.467626 0.253597 0.0863309 0.0899281 0.887165
122 0.688849 0.803957 0.0899281 0.0899281 0.898493
141 0.431655 0.345324 0.0863309 0.0935252 0.90404
49 0.519784 0.485611 0.0899281 0.0935252 0.92613
