66 0.796763 0.109712 0.0899281 0.0899281 0.817495
67 0.732014 0.480216 0.0899281 0.0899281 0.831601
130 0.523381 0.616906 0.0899281 0.0899281 0.863956
122 0.377698 0.856115 0.0935252 0.0935252 0.885613
11 0.751799 0.348921 0.0935252 0.0935252 0.885924
27 0.821942 0.221223 0.0899281 0.0899281 0.886638
100 0.742806 0.203237 0.0899281 0.0899281 0.897998
41 0.205036 0.870504 0.0863309 0.0863309 0.899031
141 0.566547 0.883094 0.0971223 0.0899281 0.904636
49 0.543165 0.811151 0.0935252 0.0899281 0.927226
