67 0.821942 0.566547 0.0899281 0.0899281 0.829603
66 0.570144 0.442446 0.0899281 0.0935252 0.851219
130 0.447842 0.419065 0.0899281 0.0899281 0.860724
11 0.652878 0.55036 0.0899281 0.0935252 0.876287
100 0.219424 0.156475 0.0935252 0.0899281 0.877939
141 0.514389 0.852518 0.0863309 0.0935252 0.879419
27 0.814748 0.802158 0.0899281 0.0935252 0.898572
122 0.397482 0.649281 0.0899281 0.0899281 0.898758
41 0.392086 0.422662 0.0791367 0.0899281 0.902292
49 0.465827 0.877698 0.0899281 0.0935252 0.91978
