41 0.116906 0.307554 0.0899281 0.0899281 0.55461
67 0.368705 0.473022 0.0899281 0.0899281 0.811387
66 0.541367 0.471223 0.0899281 0.0935252 0.826727
49 0.760791 0.77518 0.0827338 0.0827338 0.84634
130 0.793165 0.818345 0.0899281 0.0899281 0.858494
11 0.741007 0.602518 0.0935252 0.0899281 0.866459
100 0.338129 0.422662 0.0935252 0.0899281 0.86681
27 0.845324 0.723022 0.0935252 0.0935252 0.890015
141 0.521583 0.816547 0.0935252 0.0935252 0.894134
122 0.458633 0.535971 0.0899281 0.0935252 0.905376
