130 0.347122 0.334532 0.0899281 0.0935252 0.81563
67 0.616906 0.253597 0.0899281 0.0899281 0.838333
66 0.866906 0.73741 0.0935252 0.0935252 0.857001
11 0.471223 0.305755 0.0935252 0.0935252 0.880379
27 0.672662 0.411871 0.0935252 0.0899281 0.890529
100 0.494604 0.188849 0.0899281 0.0899281 0.892214
122 0.694245 0.818345 0.0935252 0.0899281 0.894589
141 0.410072 0.368705 0.0863309 0.0899281 0.896812
41 0.420863 0.125899 0.0935252 0.0935252 0.89888
49 0.48741 0.501799 0.0899281 0.0899281 0.926068
