84 0.31295 0.381295 0.0935252 0.0863309 0.581101
49 0.789568 0.793165 0.0899281 0.0899281 0.820077
66 0.519784 0.460432 0.0899281 0.0935252 0.845083
100 0.314748 0.381295 0.0899281 0.0863309 0.86023
11 0.78777 0.642086 0.0935252 0.0899281 0.862815
130 0.814748 0.841727 0.0899281 0.0863309 0.86637
27 0.843525 0.735611 0.0899281 0.0899281 0.87355
67 0.339928 0.43705 0.0899281 0.0899281 0.882146
122 0.469424 0.530576 0.0899281 0.0899281 0.891436
141 0.523381 0.818345 0.0899281 0.0899281 0.895561
41 0.116906 0.289568 0.0899281 0.0899281 0.901928
