67 0.381295 0.183453 0.0863309 0.0935252 0.831974
100 0.573741 0.406475 0.0899281 0.0935252 0.837883
66 0.893885 0.0881295 0.0899281 0.0899281 0.851723
130 0.667266 0.767986 0.0899281 0.0899281 0.863728
122 0.473022 0.510791 0.0899281 0.0863309 0.880129
27 0.893885 0.339928 0.0899281 0.0899281 0.887588
141 0.246403 0.541367 0.0899281 0.0899281 0.901007
41 0.260791 0.235612 0.111511 0.111511 0.910209
49 0.732014 0.854317 0.0899281 0.0899281 0.91157
11 0.730216 0.618705 0.107914 0.107914 0.912198
