67 0.411871 0.161871 0.0899281 0.0935252 0.839595
11 0.789568 0.442446 0.0899281 0.0935252 0.854875
66 0.872302 0.53777 0.0899281 0.0899281 0.855071
130 0.314748 0.696043 0.0899281 0.0899281 0.866376
27 0.764389 0.508993 0.0899281 0.0899281 0.869376
100 0.548561 0.314748 0.0899281 0.0899281 0.877907
122 0.865108 0.793165 0.0899281 0.0899281 0.888668
141 0.467626 0.67446 0.0935252 0.0899281 0.896471
41 0.203237 0.113309 0.0899281 0.0899281 0.902884
49 0.519784 0.469424 0.0899281 0.0899281 0.928156
