67 0.667266 0.568345 0.0899281 0.0935252 0.71002
11 0.919065 0.0755396 0.0755396 0.0719424 0.832882
130 0.152878 0.793165 0.0899281 0.0899281 0.837864
66 0.606115 0.48741 0.0899281 0.0899281 0.845465
100 0.498201 0.422662 0.0971223 0.0971223 0.888638
27 0.732014 0.239209 0.0899281 0.0899281 0.895061
41 0.266187 0.865108 0.0863309 0.0899281 0.897686
122 0.228417 0.728417 0.0899281 0.0899281 0.906571
141 0.728417 0.717626 0.0899281 0.0899281 0.906762
49 0.419065 0.568345 0.0899281 0.0935252 0.923161
