67 0.746403 0.528777 0.0899281 0.0791367 0.68101
66 0.501799 0.491007 0.0899281 0.0899281 0.829211
100 0.334532 0.107914 0.0935252 0.0935252 0.842639
130 0.523381 0.821942 0.0899281 0.0899281 0.862302
27 0.642086 0.56295 0.0899281 0.0899281 0.885107
122 0.368705 0.393885 0.0899281 0.0899281 0.888572
41 0.142086 0.154676 0.0899281 0.0935252 0.899375
141 0.289568 0.821942 0.0899281 0.0899281 0.902291
11 0.760791 0.476619 0.0899281 0.0899281 0.914301
49 0.478417 0.692446 0.0935252 0.0899281 0.91808
