66 0.908273 0.109712 0.0899281 0.0899281 0.837492
130 0.517986 0.654676 0.0935252 0.0935252 0.845636
67 0.793165 0.386691 0.0899281 0.0899281 0.84976
100 0.803957 0.32554 0.0899281 0.0755396 0.871127
27 0.708633 0.311151 0.0935252 0.0899281 0.889917
11 0.615108 0.406475 0.0935252 0.0935252 0.891597
41 0.271583 0.807554 0.0899281 0.0899281 0.895525
122 0.0881295 0.908273 0.0899281 0.0899281 0.899053
141 0.615108 0.606115 0.0935252 0.0971223 0.908751
49 0.232014 0.43705 0.0899281 0.0899281 0.918009
