66 0.534173 0.464029 0.0899281 0.0935252 0.845845
67 0.696043 0.47482 0.0899281 0.0935252 0.845965
130 0.516187 0.874101 0.0899281 0.0935252 0.865799
100 0.327338 0.102518 0.0935252 0.0899281 0.884784
122 0.368705 0.393885 0.0899281 0.0899281 0.887152
11 0.861511 0.517986 0.0899281 0.0935252 0.88789
27 0.642086 0.56295 0.0899281 0.0899281 0.890078
41 0.143885 0.154676 0.0935252 0.0935252 0.897204
141 0.192446 0.866906 0.0899281 0.0935252 0.907184
49 0.51259 0.652878 0.0899281 0.0899281 0.928903
