130 0.458633 0.428058 0.0899281 0.0935252 0.798757
66 0.584532 0.458633 0.0899281 0.0899281 0.812374
67 0.821942 0.589928 0.0899281 0.0935252 0.839762
100 0.208633 0.154676 0.0935252 0.0935252 0.868977
11 0.656475 0.577338 0.0899281 0.0899281 0.880454
141 0.535971 0.843525 0.0863309 0.0899281 0.882062
122 0.419065 0.652878 0.0899281 0.0899281 0.893132
27 0.814748 0.802158 0.0899281 0.0935252 0.901171
41 0.375899 0.426259 0.0899281 0.0899281 0.908099
49 0.48741 0.875899 0.0899281 0.0899281 0.926841
