130 0.350719 0.332734 0.0899281 0.0899281 0.824576
66 0.870504 0.679856 0.0935252 0.0935252 0.841368
67 0.670863 0.201439 0.0899281 0.0935252 0.843301
141 0.383094 0.374101 0.0899281 0.0863309 0.879695
100 0.557554 0.235612 0.0935252 0.0899281 0.88183
27 0.593525 0.386691 0.0935252 0.0899281 0.886812
49 0.444245 0.473022 0.0899281 0.0899281 0.899798
11 0.469424 0.31295 0.0899281 0.0935252 0.900107
41 0.363309 0.133094 0.0935252 0.0935252 0.900915
122 0.697842 0.821942 0.0935252 0.0899281 0.903489
