130 0.339928 0.440647 0.0899281 0.0827338 0.810685
66 0.742806 0.219424 0.0899281 0.0935252 0.846103
67 0.715827 0.420863 0.0935252 0.0935252 0.850915
11 0.913669 0.0719424 0.0863309 0.0647482 0.859267
100 0.507194 0.440647 0.0935252 0.0899281 0.869102
122 0.321942 0.494604 0.0899281 0.0827338 0.878493
27 0.446043 0.188849 0.0935252 0.0899281 0.889244
141 0.404676 0.584532 0.0899281 0.0899281 0.90491
41 0.260791 0.338129 0.0899281 0.0863309 0.90524
49 0.134892 0.897482 0.0899281 0.0899281 0.924905
