66 0.818345 0.115108 0.0899281 0.0935252 0.832711
67 0.760791 0.51259 0.0899281 0.0899281 0.840696
11 0.929856 0.0827338 0.0683453 0.0791367 0.851486
130 0.372302 0.422662 0.0899281 0.0899281 0.869261
100 0.257194 0.118705 0.0899281 0.0935252 0.870494
27 0.767986 0.25 0.0899281 0.0899281 0.890389
122 0.521583 0.893885 0.0935252 0.0899281 0.900098
141 0.239209 0.478417 0.0899281 0.0935252 0.904958
41 0.124101 0.447842 0.0899281 0.0899281 0.912412
49 0.471223 0.519784 0.0935252 0.0899281 0.925045
