67 0.694245 0.408273 0.0935252 0.0899281 0.824504
130 0.27518 0.480216 0.0899281 0.0899281 0.843022
66 0.273381 0.282374 0.0935252 0.0899281 0.855989
100 0.455036 0.465827 0.0899281 0.0899281 0.887209
141 0.188849 0.429856 0.0899281 0.0899281 0.892898
41 0.753597 0.843525 0.0899281 0.0899281 0.896946
27 0.476619 0.384892 0.0899281 0.0935252 0.897481
122 0.201439 0.239209 0.0935252 0.0899281 0.902803
11 0.354317 0.465827 0.0899281 0.0899281 0.905005
49 0.348921 0.615108 0.0935252 0.0935252 0.926856
