66 0.821942 0.102518 0.0899281 0.0899281 0.839795
67 0.741007 0.478417 0.0935252 0.0935252 0.848488
130 0.541367 0.636691 0.0899281 0.0935252 0.853765
11 0.77518 0.374101 0.0899281 0.0863309 0.873158
27 0.814748 0.251799 0.0899281 0.0863309 0.893114
141 0.570144 0.884892 0.0899281 0.0863309 0.898176
122 0.399281 0.854317 0.0935252 0.0899281 0.898942
100 0.764389 0.205036 0.0899281 0.0935252 0.89952
41 0.233813 0.861511 0.0863309 0.0899281 0.904989
49 0.544964 0.816547 0.0899281 0.0935252 0.929657
