66 0.564748 0.586331 0.0863309 0.0935252 0.840824
130 0.501799 0.643885 0.0899281 0.0935252 0.841219
67 0.757194 0.51259 0.0899281 0.0899281 0.842725
100 0.429856 0.125899 0.0899281 0.0935252 0.861016
11 0.464029 0.440647 0.0935252 0.0899281 0.874022
27 0.830935 0.766187 0.0935252 0.0935252 0.883314
122 0.392086 0.56295 0.0935252 0.0899281 0.887834
141 0.194245 0.440647 0.0935252 0.0899281 0.894879
41 0.235612 0.242806 0.0899281 0.0899281 0.907025
49 0.429856 0.895683 0.0899281 0.0935252 0.925381
