130 0.571942 0.667266 0.0935252 0.0899281 0.835297
67 0.803957 0.43705 0.0899281 0.0899281 0.836555
66 0.915468 0.0863309 0.0899281 0.0863309 0.840756
100 0.854317 0.329137 0.0899281 0.0899281 0.891448
122 0.156475 0.868705 0.0899281 0.0899281 0.89354
27 0.672662 0.341727 0.0935252 0.0935252 0.893997
141 0.616906 0.606115 0.0899281 0.0899281 0.895913
11 0.577338 0.451439 0.0899281 0.0899281 0.897568
41 0.316547 0.782374 0.0863309 0.0899281 0.902952
49 0.21223 0.444245 0.0935252 0.0899281 0.929495
