100 0.258993 0.116906 0.0935252 0.0899281 0.791834
67 0.760791 0.51259 0.0971223 0.0971223 0.848208
66 0.811151 0.298561 0.0899281 0.0935252 0.858562
11 0.753597 0.266187 0.0899281 0.0935252 0.880754
130 0.401079 0.282374 0.0899281 0.0899281 0.882232
27 0.654676 0.302158 0.0935252 0.0935252 0.887437
122 0.544964 0.829137 0.0899281 0.0899281 0.898144
41 0.138489 0.232014 0.0899281 0.0899281 0.901449
141 0.232014 0.46223 0.0899281 0.0899281 0.901748
49 0.534173 0.456835 0.0899281 0.0935252 0.917826
