67 0.778777 0.363309 0.0899281 0.0935252 0.821651
66 0.447842 0.428058 0.0899281 0.0935252 0.84024
130 0.401079 0.651079 0.0899281 0.0935252 0.860324
27 0.881295 0.651079 0.0935252 0.0935252 0.874904
100 0.503597 0.183453 0.0935252 0.0935252 0.877963
11 0.429856 0.285971 0.0899281 0.0899281 0.894745
141 0.260791 0.555755 0.0899281 0.0899281 0.895666
41 0.32554 0.109712 0.0899281 0.0899281 0.896725
122 0.0917266 0.904676 0.0827338 0.0899281 0.904997
49 0.161871 0.915468 0.0863309 0.0827338 0.906385
