27 0.66187 0.323741 0.0863309 0.0935252 0.509481
76 0.631295 0.393885 0.0899281 0.0899281 0.540033
11 0.66187 0.321942 0.0863309 0.0899281 0.679087
130 0.631295 0.393885 0.0899281 0.0899281 0.706224
100 0.888489 0.447842 0.0935252 0.0899281 0.823001
66 0.839928 0.232014 0.0899281 0.0899281 0.839526
122 0.651079 0.458633 0.0935252 0.0827338 0.879705
41 0.886691 0.507194 0.0899281 0.0791367 0.884378
11 0.714029 0.347122 0.0899281 0.0899281 0.897914
141 0.771583 0.476619 0.0899281 0.0899281 0.910181
