67 0.803957 0.46223 0.0899281 0.0899281 0.825392
66 0.915468 0.0863309 0.0899281 0.0863309 0.840366
141 0.0845324 0.919065 0.0755396 0.0755396 0.861538
130 0.580935 0.672662 0.0899281 0.0935252 0.877086
100 0.856115 0.354317 0.0935252 0.0899281 0.880516
122 0.185252 0.847122 0.0899281 0.0899281 0.885462
27 0.658273 0.356115 0.0935252 0.0935252 0.894179
41 0.338129 0.771583 0.0863309 0.0899281 0.897674
11 0.593525 0.478417 0.0935252 0.0935252 0.902602
49 0.226619 0.455036 0.0935252 0.0899281 0.919143
