100 0.501799 0.422662 0.0899281 0.0827338 0.810634
67 0.514389 0.361511 0.0935252 0.0899281 0.843565
130 0.568345 0.654676 0.0935252 0.0935252 0.850458
66 0.872302 0.591727 0.0899281 0.0899281 0.858513
11 0.607914 0.507194 0.0935252 0.0935252 0.883009
27 0.534173 0.483813 0.0899281 0.0899281 0.890245
122 0.868705 0.696043 0.0899281 0.0899281 0.890975
141 0.118705 0.913669 0.0863309 0.0863309 0.896339
41 0.278777 0.260791 0.0899281 0.0899281 0.897864
49 0.465827 0.510791 0.0827338 0.0863309 0.915129
