100 0.77518 0.22482 0.0899281 0.0827338 0.752021
67 0.757194 0.47482 0.0899281 0.0863309 0.849313
66 0.841727 0.0953237 0.0863309 0.0899281 0.851421
130 0.557554 0.658273 0.0935252 0.0935252 0.869772
141 0.568345 0.883094 0.0935252 0.0827338 0.887717
27 0.796763 0.27518 0.0899281 0.0899281 0.890718
41 0.266187 0.861511 0.0863309 0.0899281 0.894785
122 0.422662 0.854317 0.0899281 0.0899281 0.897128
49 0.555755 0.821942 0.0899281 0.0899281 0.915535
11 0.785971 0.406475 0.0899281 0.0935252 0.917145
