49 0.138489 0.917266 0.0899281 0.0791367 0.777702
67 0.785971 0.341727 0.0899281 0.0935252 0.8299
130 0.374101 0.651079 0.0935252 0.0935252 0.845933
66 0.435252 0.410072 0.0935252 0.0935252 0.84871
122 0.0809353 0.904676 0.0755396 0.0899281 0.856524
27 0.886691 0.638489 0.0899281 0.0899281 0.863855
11 0.440647 0.26259 0.0899281 0.0935252 0.881059
100 0.523381 0.197842 0.0899281 0.0935252 0.881531
41 0.348921 0.106115 0.0935252 0.0899281 0.897528
141 0.269784 0.559353 0.0935252 0.0899281 0.902209
