130 0.651079 0.580935 0.0863309 0.0827338 0.643038
67 0.733813 0.83813 0.0863309 0.0935252 0.79627
130 0.663669 0.627698 0.0899281 0.0899281 0.819705
27 0.794964 0.820144 0.0935252 0.0863309 0.834944
66 0.579137 0.420863 0.0935252 0.0935252 0.859726
100 0.494604 0.410072 0.0899281 0.0863309 0.88129
141 0.739209 0.618705 0.0755396 0.0863309 0.895477
11 0.818345 0.758993 0.0899281 0.0935252 0.898548
41 0.138489 0.266187 0.0899281 0.0863309 0.908948
49 0.0989209 0.919065 0.0899281 0.0755396 0.929039
