66 0.910072 0.0755396 0.0935252 0.0647482 0.714109
67 0.746403 0.600719 0.0899281 0.0935252 0.844819
130 0.147482 0.80036 0.0935252 0.0899281 0.85496
11 0.913669 0.140288 0.0863309 0.0935252 0.862687
27 0.870504 0.730216 0.0935252 0.0935252 0.871576
100 0.744604 0.284173 0.0935252 0.0935252 0.883122
122 0.491007 0.48741 0.0899281 0.0899281 0.887933
141 0.685252 0.473022 0.0899281 0.0899281 0.902308
41 0.318345 0.494604 0.0899281 0.0899281 0.906971
49 0.836331 0.796763 0.0899281 0.0899281 0.920209
