67 0.746403 0.622302 0.0899281 0.0935252 0.843345
100 0.726619 0.30036 0.0935252 0.0899281 0.852407
11 0.915468 0.170863 0.0899281 0.0899281 0.860232
27 0.868705 0.735611 0.0899281 0.0899281 0.86804
66 0.892086 0.0863309 0.0935252 0.0863309 0.878709
130 0.165468 0.785971 0.0935252 0.0899281 0.887089
41 0.296763 0.498201 0.0899281 0.0899281 0.89386
122 0.498201 0.492806 0.0899281 0.0935252 0.896935
141 0.703237 0.476619 0.0899281 0.0899281 0.906876
49 0.836331 0.784173 0.0899281 0.0863309 0.914508
