66 0.494604 0.428058 0.0899281 0.0935252 0.819865
67 0.877698 0.160072 0.0935252 0.0899281 0.839664
130 0.338129 0.58813 0.0935252 0.0899281 0.865704
11 0.363309 0.428058 0.0935252 0.0863309 0.87463
100 0.627698 0.332734 0.0899281 0.0899281 0.883625
27 0.453237 0.169065 0.0935252 0.0935252 0.891221
122 0.253597 0.329137 0.0899281 0.0899281 0.899546
41 0.426259 0.883094 0.0899281 0.0899281 0.900287
141 0.100719 0.739209 0.0863309 0.0899281 0.900769
49 0.383094 0.622302 0.0899281 0.0863309 0.919344
