130 0.221223 0.73741 0.0899281 0.0935252 0.851139
67 0.757194 0.683453 0.0899281 0.0935252 0.853713
66 0.872302 0.0899281 0.0899281 0.0935252 0.856923
100 0.672662 0.348921 0.0935252 0.0935252 0.863896
27 0.872302 0.739209 0.0899281 0.0899281 0.870256
11 0.917266 0.264389 0.0863309 0.0899281 0.87116
122 0.494604 0.494604 0.0899281 0.0899281 0.881563
141 0.746403 0.456835 0.0899281 0.0935252 0.900378
41 0.233813 0.494604 0.0935252 0.0899281 0.903717
49 0.829137 0.789568 0.0899281 0.0899281 0.923522
