67 0.634892 0.235612 0.0899281 0.0899281 0.829226
66 0.872302 0.717626 0.0899281 0.0899281 0.83347
130 0.365108 0.314748 0.0899281 0.0899281 0.857813
100 0.51259 0.206835 0.0899281 0.0899281 0.867858
11 0.465827 0.334532 0.0899281 0.0935252 0.879866
27 0.636691 0.399281 0.0935252 0.0935252 0.882162
41 0.411871 0.127698 0.0899281 0.0899281 0.89878
122 0.681655 0.803957 0.0899281 0.0899281 0.898892
141 0.381295 0.379496 0.0863309 0.0827338 0.911273
49 0.480216 0.501799 0.0899281 0.0899281 0.925414
