66 0.879496 0.600719 0.0899281 0.0935252 0.826755
11 0.861511 0.334532 0.0899281 0.0935252 0.834367
67 0.32554 0.214029 0.0899281 0.0899281 0.848062
100 0.643885 0.397482 0.0935252 0.0899281 0.855959
130 0.233813 0.796763 0.0935252 0.0899281 0.865825
122 0.866906 0.791367 0.107914 0.107914 0.872057
27 0.708633 0.528777 0.0935252 0.0935252 0.894974
141 0.451439 0.789568 0.0899281 0.0899281 0.90691
41 0.226619 0.116906 0.0935252 0.0899281 0.907123
49 0.451439 0.530576 0.0899281 0.0899281 0.925065
