67 0.850719 0.649281 0.0899281 0.0899281 0.810573
130 0.46223 0.429856 0.111511 0.111511 0.838568
66 0.559353 0.440647 0.0899281 0.0899281 0.853887
100 0.205036 0.152878 0.0935252 0.0899281 0.875071
122 0.464029 0.651079 0.0935252 0.0935252 0.875087
27 0.829137 0.809353 0.0899281 0.0935252 0.879608
11 0.715827 0.656475 0.0935252 0.0899281 0.883212
41 0.32554 0.401079 0.0899281 0.0899281 0.898054
141 0.559353 0.802158 0.0899281 0.0791367 0.909321
49 0.557554 0.870504 0.0935252 0.0863309 0.916591
