66 0.557554 0.458633 0.0935252 0.0899281 0.825109
130 0.464029 0.431655 0.107914 0.107914 0.828989
67 0.850719 0.669065 0.0899281 0.0935252 0.83628
11 0.732014 0.683453 0.0899281 0.0935252 0.882487
27 0.827338 0.81295 0.0935252 0.0935252 0.885631
100 0.201439 0.156475 0.0935252 0.0899281 0.886492
122 0.451439 0.656475 0.0899281 0.0899281 0.901778
41 0.311151 0.381295 0.0899281 0.0863309 0.904979
141 0.543165 0.805755 0.0935252 0.0863309 0.907182
49 0.580935 0.868705 0.0899281 0.0899281 0.916088
