66 0.458633 0.44964 0.0899281 0.0935252 0.851005
67 0.771583 0.384892 0.0899281 0.0935252 0.856678
130 0.428058 0.654676 0.0935252 0.0935252 0.860888
100 0.482014 0.169065 0.0935252 0.0935252 0.882248
41 0.303957 0.111511 0.0899281 0.0935252 0.882334
11 0.426259 0.316547 0.0899281 0.0935252 0.882786
27 0.875899 0.670863 0.0899281 0.0899281 0.889048
122 0.0989209 0.901079 0.0899281 0.0899281 0.892433
141 0.248201 0.55036 0.0935252 0.0935252 0.899131
49 0.179856 0.913669 0.0863309 0.0791367 0.91896
