66 0.465827 0.53777 0.0899281 0.0899281 0.851833
67 0.246403 0.478417 0.0899281 0.0935252 0.852948
130 0.843525 0.82554 0.0899281 0.0899281 0.858829
122 0.397482 0.584532 0.0827338 0.0899281 0.860615
11 0.535971 0.606115 0.0935252 0.0899281 0.870688
27 0.859712 0.728417 0.0935252 0.0899281 0.87687
100 0.339928 0.559353 0.0899281 0.0899281 0.883589
141 0.491007 0.73741 0.0899281 0.0935252 0.895676
41 0.0881295 0.908273 0.0899281 0.0899281 0.897587
49 0.78777 0.767986 0.0863309 0.0899281 0.923281
