100 0.917266 0.0773381 0.0719424 0.0755396 0.807212
66 0.516187 0.111511 0.0899281 0.0935252 0.839615
67 0.794964 0.111511 0.0935252 0.0935252 0.85748
130 0.649281 0.56295 0.0899281 0.0899281 0.868042
11 0.692446 0.665468 0.0899281 0.0935252 0.881932
41 0.323741 0.107914 0.0935252 0.0935252 0.892207
122 0.566547 0.455036 0.0899281 0.0899281 0.89251
27 0.83813 0.773381 0.0935252 0.0935252 0.898291
141 0.478417 0.710432 0.0935252 0.0899281 0.900751
49 0.751799 0.850719 0.0935252 0.0899281 0.924248
