130 0.573741 0.66187 0.0899281 0.0935252 0.699724
67 0.746403 0.460432 0.0899281 0.0935252 0.840389
66 0.544964 0.510791 0.0899281 0.0863309 0.846815
100 0.485611 0.125899 0.0935252 0.0935252 0.860547
122 0.167266 0.782374 0.104317 0.104317 0.870539
11 0.501799 0.420863 0.0899281 0.0935252 0.89022
27 0.852518 0.753597 0.0935252 0.0899281 0.890458
141 0.217626 0.480216 0.0899281 0.0899281 0.906409
41 0.178058 0.197842 0.0899281 0.0935252 0.907918
49 0.347122 0.904676 0.0899281 0.0899281 0.923655
