66 0.883094 0.640288 0.0899281 0.0863309 0.831071
67 0.356115 0.248201 0.0935252 0.0935252 0.841358
130 0.19964 0.836331 0.0899281 0.0899281 0.877279
100 0.66187 0.43705 0.0935252 0.0899281 0.888335
11 0.883094 0.278777 0.0899281 0.0899281 0.890664
122 0.865108 0.793165 0.0899281 0.0899281 0.891559
27 0.651079 0.519784 0.0935252 0.0899281 0.892084
141 0.419065 0.82554 0.0899281 0.0899281 0.903244
41 0.273381 0.116906 0.0863309 0.0899281 0.904031
49 0.476619 0.555755 0.0899281 0.0899281 0.923135
