66 0.726619 0.118705 0.0935252 0.0935252 0.840662
67 0.706835 0.47482 0.0899281 0.0935252 0.856672
130 0.491007 0.582734 0.0899281 0.0935252 0.857845
141 0.564748 0.881295 0.107914 0.100719 0.887389
27 0.845324 0.161871 0.0935252 0.0935252 0.892152
100 0.708633 0.246403 0.0935252 0.0899281 0.893304
122 0.32554 0.854317 0.0899281 0.0899281 0.894953
11 0.703237 0.330935 0.0899281 0.0863309 0.894975
41 0.131295 0.892086 0.0899281 0.0863309 0.901834
49 0.548561 0.821942 0.0899281 0.0899281 0.928879
