66 0.442446 0.444245 0.107914 0.104317 0.795802
67 0.758993 0.172662 0.0935252 0.0935252 0.862162
130 0.30036 0.656475 0.0899281 0.0899281 0.87026
100 0.649281 0.548561 0.0899281 0.0899281 0.880203
27 0.478417 0.372302 0.0935252 0.0899281 0.882775
11 0.422662 0.323741 0.0899281 0.0935252 0.890507
122 0.271583 0.505396 0.0899281 0.0899281 0.893485
41 0.327338 0.440647 0.0863309 0.0899281 0.894233
141 0.125899 0.886691 0.0863309 0.0899281 0.895869
49 0.399281 0.580935 0.0935252 0.0899281 0.921975
