67 0.821942 0.552158 0.0899281 0.0899281 0.841511
141 0.384892 0.899281 0.0791367 0.0935252 0.857369
100 0.217626 0.169065 0.0899281 0.0935252 0.858312
130 0.519784 0.420863 0.0899281 0.0863309 0.861373
66 0.595324 0.446043 0.0899281 0.0863309 0.865696
11 0.629496 0.392086 0.0935252 0.0935252 0.889613
27 0.823741 0.794964 0.0935252 0.0935252 0.890274
122 0.294964 0.732014 0.0935252 0.0899281 0.893043
41 0.494604 0.46223 0.0899281 0.0827338 0.91518
49 0.329137 0.893885 0.0899281 0.0899281 0.931006
