66 0.872302 0.636691 0.0899281 0.0935252 0.854856
67 0.710432 0.169065 0.0899281 0.0935252 0.856396
130 0.307554 0.323741 0.0899281 0.0935252 0.857538
100 0.595324 0.271583 0.0899281 0.0899281 0.874053
122 0.73741 0.843525 0.0935252 0.0899281 0.88884
27 0.595324 0.384892 0.0899281 0.0935252 0.891975
11 0.464029 0.327338 0.0935252 0.0935252 0.894553
41 0.314748 0.133094 0.0899281 0.0935252 0.898147
141 0.365108 0.368705 0.0899281 0.0899281 0.901339
49 0.420863 0.429856 0.0935252 0.0899281 0.927014
