130 0.383094 0.494604 0.0899281 0.0899281 0.817678
11 0.919065 0.0755396 0.0755396 0.0719424 0.840973
66 0.80036 0.147482 0.0899281 0.0935252 0.848765
67 0.715827 0.431655 0.0935252 0.0935252 0.857385
49 0.0809353 0.919065 0.0755396 0.0755396 0.87258
27 0.485611 0.21223 0.0935252 0.0935252 0.878576
100 0.498201 0.435252 0.0899281 0.0935252 0.891057
122 0.271583 0.471223 0.0899281 0.0863309 0.891418
141 0.372302 0.649281 0.0899281 0.0899281 0.899355
41 0.289568 0.343525 0.0899281 0.0827338 0.906891
