11 0.428058 0.339928 0.0863309 0.0899281 0.639507
67 0.764389 0.408273 0.0899281 0.0899281 0.845223
66 0.465827 0.471223 0.0899281 0.0935252 0.846812
130 0.453237 0.658273 0.0935252 0.0935252 0.851931
100 0.469424 0.152878 0.0899281 0.0899281 0.852757
27 0.877698 0.683453 0.0935252 0.0935252 0.883712
141 0.242806 0.541367 0.0899281 0.0899281 0.8982
41 0.282374 0.116906 0.0899281 0.0899281 0.901061
122 0.100719 0.893885 0.0935252 0.0899281 0.908945
49 0.203237 0.910072 0.0899281 0.0791367 0.915241
