66 0.496403 0.120504 0.0935252 0.0899281 0.829213
67 0.771583 0.118705 0.0899281 0.0935252 0.849547
100 0.899281 0.0827338 0.0935252 0.0791367 0.850762
130 0.638489 0.570144 0.0899281 0.0899281 0.886266
27 0.845324 0.773381 0.0935252 0.0935252 0.891195
11 0.719424 0.68705 0.0935252 0.0935252 0.896622
122 0.566547 0.44964 0.0899281 0.0935252 0.899904
41 0.348921 0.113309 0.0935252 0.0899281 0.901116
141 0.476619 0.706835 0.0899281 0.0899281 0.90783
49 0.766187 0.847122 0.0935252 0.0899281 0.921114
