67 0.739209 0.517986 0.0899281 0.0935252 0.840114
66 0.566547 0.541367 0.0899281 0.0899281 0.846938
130 0.553957 0.645683 0.0935252 0.0899281 0.86646
122 0.167266 0.784173 0.0971223 0.0935252 0.871774
11 0.498201 0.460432 0.0899281 0.0863309 0.877685
100 0.451439 0.131295 0.0899281 0.0899281 0.883018
27 0.848921 0.758993 0.0935252 0.0935252 0.88431
141 0.190647 0.447842 0.0935252 0.0899281 0.892214
41 0.196043 0.232014 0.0899281 0.0899281 0.899188
49 0.386691 0.901079 0.0899281 0.0899281 0.92519
