67 0.645683 0.679856 0.0899281 0.0935252 0.835901
66 0.794964 0.789568 0.0935252 0.0899281 0.851051
130 0.100719 0.875899 0.0863309 0.0899281 0.871841
11 0.683453 0.615108 0.0863309 0.0935252 0.875533
100 0.494604 0.53777 0.0899281 0.0899281 0.877116
122 0.32554 0.476619 0.0899281 0.0899281 0.891421
27 0.591727 0.496403 0.0899281 0.0935252 0.893459
41 0.151079 0.888489 0.0791367 0.0863309 0.89989
141 0.253597 0.47482 0.0755396 0.0935252 0.899965
49 0.523381 0.814748 0.0899281 0.0899281 0.921584
