67 0.803957 0.415468 0.0899281 0.0899281 0.832644
66 0.913669 0.0863309 0.0863309 0.0863309 0.838065
130 0.546763 0.658273 0.0935252 0.0935252 0.854721
11 0.584532 0.426259 0.0899281 0.0899281 0.888849
27 0.690647 0.327338 0.0935252 0.0935252 0.898313
100 0.829137 0.318345 0.0899281 0.0899281 0.899636
141 0.616906 0.606115 0.0899281 0.0899281 0.901233
122 0.124101 0.893885 0.0899281 0.0899281 0.901827
41 0.293165 0.791367 0.0899281 0.0863309 0.90783
49 0.210432 0.43705 0.0899281 0.0899281 0.933272
