66 0.444245 0.161871 0.0899281 0.0935252 0.835827
67 0.701439 0.125899 0.0935252 0.0935252 0.844875
130 0.665468 0.600719 0.0935252 0.0935252 0.854116
11 0.80036 0.751799 0.0899281 0.0935252 0.876622
122 0.559353 0.456835 0.0899281 0.0935252 0.88441
100 0.794964 0.0917266 0.0935252 0.0899281 0.884977
27 0.845324 0.789568 0.0935252 0.0899281 0.89028
41 0.311151 0.111511 0.0899281 0.0935252 0.899531
49 0.760791 0.850719 0.0899281 0.0899281 0.90182
141 0.473022 0.649281 0.0899281 0.0899281 0.907399
