66 0.464029 0.438849 0.0935252 0.0935252 0.843227
67 0.863309 0.226619 0.0935252 0.0935252 0.858985
130 0.336331 0.559353 0.0971223 0.0899281 0.868643
11 0.334532 0.435252 0.0935252 0.0935252 0.877876
100 0.607914 0.350719 0.0935252 0.0899281 0.880611
27 0.456835 0.169065 0.0935252 0.0935252 0.89363
122 0.246403 0.311151 0.0899281 0.0899281 0.89671
141 0.102518 0.703237 0.0899281 0.0899281 0.905026
41 0.451439 0.879496 0.0899281 0.0899281 0.905189
49 0.392086 0.598921 0.0935252 0.0899281 0.924027
