130 0.354317 0.665468 0.0899281 0.0935252 0.851272
67 0.651079 0.456835 0.0935252 0.0935252 0.852177
66 0.606115 0.0899281 0.0899281 0.0935252 0.853773
100 0.717626 0.343525 0.0899281 0.0899281 0.867791
41 0.417266 0.496403 0.0863309 0.0863309 0.884437
27 0.830935 0.17446 0.0935252 0.0899281 0.890141
122 0.0971223 0.908273 0.0935252 0.0899281 0.895365
141 0.571942 0.870504 0.0935252 0.0863309 0.902389
11 0.55036 0.31295 0.0935252 0.0935252 0.904615
49 0.422662 0.886691 0.0899281 0.0899281 0.921515
