66 0.656475 0.113309 0.0899281 0.0899281 0.836879
67 0.651079 0.460432 0.107914 0.107914 0.855154
130 0.428058 0.589928 0.0935252 0.0935252 0.859071
11 0.624101 0.26259 0.0899281 0.0935252 0.862554
27 0.913669 0.0809353 0.0863309 0.0827338 0.862728
100 0.667266 0.316547 0.0899281 0.0863309 0.87291
41 0.073741 0.922662 0.0683453 0.0755396 0.893277
122 0.232014 0.845324 0.0899281 0.0935252 0.895289
141 0.573741 0.877698 0.0827338 0.0935252 0.895691
49 0.519784 0.857914 0.0899281 0.0899281 0.918935
