67 0.514389 0.544964 0.0719424 0.0899281 0.535189
76 0.771583 0.778777 0.0899281 0.0899281 0.717718
54 0.514389 0.544964 0.0719424 0.0899281 0.727259
66 0.458633 0.534173 0.0899281 0.0899281 0.761141
130 0.769784 0.780576 0.0935252 0.0935252 0.829052
100 0.334532 0.134892 0.0935252 0.0899281 0.834984
141 0.0773381 0.922662 0.0683453 0.0755396 0.875217
11 0.811151 0.660072 0.0971223 0.0971223 0.877892
41 0.22482 0.140288 0.0899281 0.0935252 0.897747
27 0.847122 0.744604 0.0899281 0.0935252 0.900258
122 0.356115 0.634892 0.0935252 0.0899281 0.90095
49 0.814748 0.829137 0.0899281 0.0899281 0.921018
