67 0.710432 0.42446 0.0899281 0.0935252 0.839927
130 0.343525 0.465827 0.0899281 0.0899281 0.842597
66 0.758993 0.196043 0.0935252 0.0899281 0.855127
122 0.298561 0.498201 0.0863309 0.0899281 0.856311
11 0.913669 0.0719424 0.0863309 0.0647482 0.858729
100 0.494604 0.413669 0.0899281 0.0935252 0.883853
27 0.442446 0.190647 0.0935252 0.0935252 0.884277
41 0.260791 0.314748 0.0899281 0.0899281 0.900549
141 0.393885 0.607914 0.0899281 0.0935252 0.905247
49 0.134892 0.897482 0.0899281 0.0899281 0.924913
