67 0.735611 0.491007 0.0899281 0.0899281 0.834988
66 0.552158 0.534173 0.0899281 0.0899281 0.853727
130 0.573741 0.636691 0.0899281 0.0935252 0.867814
100 0.467626 0.125899 0.0935252 0.0935252 0.876375
122 0.169065 0.782374 0.107914 0.104317 0.877339
11 0.508993 0.447842 0.0899281 0.0899281 0.884799
27 0.845324 0.755396 0.0935252 0.0935252 0.889003
141 0.206835 0.464029 0.0899281 0.0935252 0.904415
41 0.176259 0.217626 0.0863309 0.0899281 0.909792
49 0.366906 0.904676 0.0935252 0.0899281 0.924923
