66 0.852518 0.510791 0.0935252 0.0935252 0.835168
67 0.874101 0.0845324 0.0863309 0.0899281 0.847306
130 0.323741 0.197842 0.0935252 0.0935252 0.84759
11 0.546763 0.332734 0.0863309 0.0899281 0.868851
27 0.613309 0.384892 0.0899281 0.0935252 0.883988
100 0.726619 0.18705 0.0935252 0.0863309 0.885262
141 0.248201 0.404676 0.0935252 0.0899281 0.891439
122 0.735611 0.843525 0.0899281 0.0899281 0.896414
41 0.196043 0.160072 0.0899281 0.0899281 0.904964
49 0.447842 0.352518 0.0899281 0.0863309 0.919803
