67 0.336331 0.196043 0.0899281 0.0899281 0.81527
130 0.836331 0.839928 0.0899281 0.0899281 0.822656
66 0.627698 0.366906 0.0899281 0.0935252 0.859555
27 0.859712 0.678058 0.0935252 0.0899281 0.868638
122 0.395683 0.577338 0.107914 0.104317 0.875476
100 0.422662 0.408273 0.0899281 0.0899281 0.883603
11 0.91187 0.370504 0.0899281 0.0935252 0.896627
141 0.183453 0.435252 0.0935252 0.0935252 0.898401
41 0.163669 0.178058 0.0899281 0.0899281 0.905937
49 0.785971 0.818345 0.0827338 0.0899281 0.910717
