66 0.526978 0.458633 0.0899281 0.0899281 0.759832
130 0.890288 0.78777 0.0899281 0.0791367 0.79554
122 0.496403 0.494604 0.0863309 0.0827338 0.818603
66 0.611511 0.426259 0.0863309 0.0899281 0.827664
100 0.255396 0.127698 0.0935252 0.0899281 0.837481
67 0.681655 0.43705 0.0899281 0.0899281 0.846438
11 0.868705 0.72482 0.0971223 0.0971223 0.886712
141 0.246403 0.460432 0.0899281 0.0935252 0.896197
41 0.178058 0.154676 0.0899281 0.0935252 0.912993
49 0.811151 0.771583 0.0827338 0.0899281 0.920132
